0 106
0 105
0 104
0 107
0 13
0 108
1 101
1 106
1 108
1 110
1 113
2 114
2 111
2 112
2 113
2 110
2 116
3 13
3 107
3 99
3 98
3 97
3 587
3 589
4 115
4 116
4 110
4 108
4 13
4 589
4 590
5 102
5 103
5 109
5 967
5 969
6 104
6 105
6 102
6 969
6 970
7 99
7 107
7 104
7 970
7 971
7 23
8 75
8 281
8 280
8 533
8 76
9 279
9 588
9 587
9 97
9 281
9 75
9 77
10 127
10 591
10 279
10 77
10 128
11 588
11 279
11 591
11 130
11 132
12 131
12 590
12 589
12 587
12 588
12 132
13 433
13 436
13 291
13 599
13 150
13 152
14 101
14 113
14 112
14 100
14 170
14 171
15 151
15 600
15 847
15 846
15 257
15 259
16 152
16 150
16 151
16 259
16 260
17 851
17 176
17 175
17 608
17 845
17 377
17 378
18 850
18 849
18 848
18 375
18 387
18 388
19 285
19 283
19 383
19 384
19 391
20 854
20 390
20 391
20 384
20 392
20 393
21 379
21 380
21 852
21 854
21 393
21 394
22 446
22 177
22 176
22 851
22 447
23 454
23 456
23 462
23 261
23 465
23 457
23 458
24 508
24 134
24 135
24 592
25 509
25 508
25 592
25 593
25 130
25 591
25 127
25 511
26 127
26 128
26 558
26 129
26 510
26 511
27 520
27 518
27 517
27 519
27 521
28 528
28 514
28 515
28 516
28 530
29 559
29 129
29 558
29 556
29 557
29 560
29 561
30 558
30 128
30 77
30 75
30 76
30 556
31 619
31 617
31 616
31 615
31 618
31 620
32 615
32 137
32 136
32 614
32 618
33 593
33 592
33 135
33 138
33 137
33 615
33 616
34 131
34 132
34 130
34 593
34 616
34 617
35 594
35 115
35 590
35 131
35 617
35 619
36 625
36 139
36 138
36 135
36 134
36 626
37 624
37 623
37 622
37 621
37 629
37 630
38 629
38 621
38 183
38 631
38 632
39 635
39 136
39 137
39 138
39 139
39 636
40 602
40 100
40 112
40 111
40 670
40 672
41 166
41 167
41 168
41 673
41 674
42 682
42 681
42 678
42 679
42 680
42 683
43 679
43 605
43 606
43 610
43 609
43 680
44 680
44 609
44 607
44 608
44 175
44 683
45 981
45 449
45 448
45 169
45 681
45 682
46 175
46 176
46 177
46 981
46 682
46 683
47 174
47 685
47 684
47 686
47 687
47 689
48 685
48 172
48 611
48 610
48 606
48 684
49 684
49 606
49 605
49 168
49 167
49 686
50 171
50 170
50 173
50 174
50 689
50 688
51 686
51 167
51 166
51 603
51 604
51 687
52 687
52 604
52 109
52 103
52 688
52 689
53 688
53 103
53 102
53 105
53 106
53 101
53 171
54 698
54 697
54 696
54 695
54 694
54 699
55 694
55 336
55 692
55 179
55 180
55 699
56 173
56 170
56 100
56 602
56 695
56 696
57 172
57 685
57 174
57 173
57 696
57 697
58 181
58 182
58 611
58 172
58 697
58 698
59 700
59 607
59 609
59 610
59 611
59 182
60 845
60 608
60 607
60 700
60 701
60 702
61 703
61 180
61 179
61 178
61 690
61 706
62 181
62 698
62 699
62 180
62 703
62 704
63 701
63 700
63 182
63 181
63 704
63 705
64 805
64 260
64 259
64 257
64 258
64 806
65 882
65 879
65 880
65 881
65 883
65 884
66 386
66 387
66 375
66 376
66 882
66 884
67 389
67 388
67 387
67 386
67 887
67 888
68 378
68 377
68 885
68 886
68 881
68 880
68 892
69 917
69 184
69 183
69 621
69 622
69 918
70 924
70 925
70 926
70 927
70 928
70 929
71 948
71 846
71 847
71 849
71 850
71 949
72 18
72 17
72 15
72 16
72 19
72 20
73 15
73 557
73 556
73 76
73 533
73 16
74 16
74 533
74 280
74 964
74 965
74 19
75 971
75 970
75 969
75 967
75 968
75 21
76 966
76 425
76 426
76 25
76 27
77 26
77 430
77 429
77 418
77 419
77 966
77 27
78 29
78 416
78 417
78 421
78 423
78 420
78 583
79 34
79 33
79 30
79 31
79 32
79 35
80 422
80 424
80 423
80 421
80 30
80 33
81 30
81 421
81 417
81 418
81 429
81 428
81 31
82 18
82 20
82 36
82 37
82 38
83 36
83 20
83 19
83 965
83 414
83 427
84 48
84 46
84 47
84 44
84 45
84 49
85 28
85 34
85 35
85 434
85 48
85 49
86 416
86 29
86 950
86 51
86 663
87 598
87 362
87 825
87 463
87 63
87 65
88 63
88 463
88 464
88 261
88 462
88 64
89 370
89 893
89 146
89 598
89 65
89 66
90 71
90 68
90 67
90 69
90 70
90 72
91 67
91 446
91 447
91 60
91 270
91 61
91 69
92 449
92 981
92 177
92 446
92 67
92 68
93 450
93 448
93 449
93 68
93 71
94 69
94 61
94 62
94 370
94 66
94 70
95 70
95 66
95 65
95 63
95 64
95 72
96 64
96 462
96 456
96 455
96 450
96 71
96 72
97 856
97 453
97 465
97 261
97 464
97 298
98 428
98 429
98 430
98 403
98 404
99 78
99 968
99 967
99 109
99 604
99 603
99 80
100 79
100 80
100 603
100 166
100 674
100 675
101 455
101 456
101 454
101 82
101 83
102 457
102 465
102 453
102 365
102 84
103 154
103 513
103 56
103 57
103 144
103 143
103 155
104 628
104 633
104 637
104 634
104 156
104 157
105 156
105 634
105 636
105 139
105 625
105 160
106 197
106 196
106 199
106 198
106 200
106 201
106 202
107 527
107 529
107 532
107 196
107 197
108 58
108 59
108 526
108 527
108 197
108 202
109 198
109 520
109 521
109 826
109 200
110 531
110 374
110 518
110 520
110 198
110 199
111 235
111 231
111 232
111 233
111 234
111 236
112 626
112 134
112 508
112 509
112 231
112 235
113 233
113 562
113 243
113 57
113 56
113 234
114 234
114 56
114 513
114 512
114 627
114 236
115 627
115 159
115 160
115 625
115 626
115 235
115 236
116 241
116 240
116 239
116 237
116 238
117 238
117 564
117 563
117 242
117 241
118 17
118 18
118 38
118 39
118 569
118 239
118 240
119 560
119 557
119 15
119 17
119 240
119 241
119 242
120 563
120 566
120 565
120 561
120 560
120 242
121 244
121 559
121 561
121 565
121 245
122 510
122 129
122 559
122 244
122 246
123 232
123 231
123 509
123 511
123 510
123 246
123 247
124 566
124 563
124 564
124 568
124 248
124 249
125 318
125 315
125 316
125 317
125 319
125 320
126 316
126 630
126 629
126 632
126 633
126 628
126 317
127 317
127 628
127 157
127 158
127 319
128 322
128 913
128 912
128 909
128 911
128 691
128 325
129 178
129 179
129 692
129 323
129 324
130 691
130 690
130 178
130 324
130 325
131 329
131 330
131 327
131 328
131 331
131 332
132 328
132 671
132 670
132 111
132 114
132 331
133 594
133 619
133 620
133 311
133 329
133 332
134 331
134 114
134 116
134 115
134 594
134 332
135 672
135 670
135 671
135 333
135 335
136 333
136 671
136 328
136 327
136 326
136 334
137 693
137 336
137 694
137 695
137 602
137 672
137 335
138 706
138 690
138 691
138 911
138 910
138 337
138 338
139 344
139 528
139 530
139 529
139 527
139 526
139 345
140 345
140 526
140 59
140 754
141 358
141 185
141 973
141 977
141 711
141 360
142 402
142 401
142 54
142 11
142 8
142 844
143 299
143 805
143 806
143 402
143 844
144 484
144 483
144 482
144 481
144 485
144 486
145 392
145 384
145 383
145 385
145 482
145 483
146 487
146 488
146 879
146 882
146 376
146 489
147 891
147 892
147 880
147 879
147 488
148 489
148 376
148 375
148 848
148 491
149 491
149 848
149 849
149 847
149 600
149 492
150 493
150 640
150 639
150 478
150 146
150 893
150 494
151 494
151 893
151 370
151 62
151 496
152 498
152 898
152 899
152 900
152 897
152 896
152 499
153 248
153 568
153 895
153 501
153 505
154 907
154 500
154 499
154 896
154 502
154 503
155 502
155 896
155 897
155 497
155 504
156 504
156 497
156 250
156 249
156 248
156 505
157 431
157 525
157 523
157 524
157 522
157 490
158 523
158 919
158 928
158 927
158 922
158 524
159 207
159 910
159 911
159 909
159 537
159 536
160 539
160 538
160 540
160 541
160 542
160 543
161 538
161 914
161 901
161 486
161 485
161 540
162 890
162 889
162 915
162 539
162 543
163 540
163 485
163 481
163 480
163 888
163 887
163 541
164 541
164 887
164 386
164 884
164 883
164 542
165 542
165 883
165 881
165 886
165 890
165 543
166 544
166 545
166 546
166 547
166 548
167 544
167 916
167 394
167 393
167 392
167 483
167 484
167 545
168 545
168 484
168 486
168 901
168 546
169 929
169 928
169 919
169 549
169 553
169 552
170 551
170 918
170 622
170 623
170 314
170 313
170 552
170 553
171 552
171 313
171 312
171 395
171 924
171 929
172 90
172 53
172 40
172 14
172 554
172 555
172 567
173 525
173 431
173 410
173 920
173 40
173 53
174 549
174 919
174 523
174 525
174 53
174 90
175 550
175 551
175 553
175 549
175 90
175 567
176 550
176 567
176 555
176 577
176 582
177 579
177 917
177 918
177 551
177 550
177 582
178 133
178 184
178 917
178 579
178 585
179 571
179 921
179 522
179 524
179 922
179 572
180 572
180 922
180 927
180 926
180 923
180 574
181 262
181 708
181 581
181 580
181 415
182 258
182 257
182 846
182 948
182 580
182 581
183 373
183 401
183 402
183 806
183 258
183 581
183 708
184 420
184 423
184 424
184 415
184 580
184 948
184 949
184 584
185 748
185 743
185 586
185 746
185 750
186 743
186 480
186 481
186 482
186 385
186 951
186 586
187 389
187 888
187 480
187 743
187 748
188 586
188 951
188 950
188 29
188 583
188 746
189 746
189 583
189 420
189 584
189 750
190 584
190 949
190 850
190 388
190 389
190 748
190 750
191 98
191 99
191 23
191 649
191 650
192 964
192 280
192 281
192 97
192 98
192 650
192 651
193 655
193 652
193 653
193 654
193 656
193 657
194 649
194 23
194 971
194 21
194 22
194 652
194 655
195 653
195 24
195 26
195 27
195 25
195 654
196 654
196 25
196 426
196 427
196 414
196 656
197 651
197 650
197 649
197 655
197 657
198 656
198 414
198 965
198 964
198 651
198 657
199 658
199 422
199 33
199 34
199 28
199 659
200 36
200 427
200 426
200 425
200 661
200 286
200 37
201 660
201 661
201 425
201 966
201 419
201 662
202 662
202 419
202 418
202 417
202 416
202 663
203 390
203 854
203 852
203 569
203 39
203 664
204 228
204 44
204 47
204 42
204 43
204 94
205 269
205 263
205 266
205 270
205 60
206 891
206 488
206 487
206 343
206 263
206 269
207 266
207 495
207 496
207 62
207 61
207 270
208 60
208 447
208 851
208 378
208 892
208 891
208 269
209 712
209 676
209 677
209 73
209 713
210 32
210 31
210 428
210 404
210 715
210 717
211 720
211 79
211 675
211 676
211 712
211 721
212 721
212 712
212 713
212 714
212 443
212 723
213 443
213 400
213 276
213 719
213 718
213 722
213 723
214 24
214 653
214 652
214 22
214 724
214 725
215 403
215 430
215 26
215 24
215 725
215 726
216 731
216 728
216 727
216 729
216 730
216 732
217 727
217 678
217 681
217 169
217 729
218 673
218 168
218 605
218 679
218 678
218 727
218 728
219 677
219 676
219 675
219 674
219 673
219 728
219 731
220 729
220 169
220 448
220 450
220 455
220 83
220 730
221 730
221 83
221 82
221 81
221 732
222 81
222 74
222 73
222 677
222 731
222 732
223 709
223 276
223 400
223 734
223 735
224 741
224 739
224 738
224 737
224 740
224 742
225 737
225 86
225 87
225 733
225 740
226 458
226 457
226 84
226 85
226 86
226 737
226 738
227 74
227 81
227 82
227 454
227 458
227 738
227 739
228 714
228 713
228 73
228 74
228 739
228 741
229 740
229 733
229 736
229 735
229 734
229 742
230 734
230 400
230 443
230 714
230 741
230 742
231 148
231 765
231 769
231 764
231 767
231 768
231 766
232 763
232 142
232 408
232 143
232 144
232 145
233 89
233 535
233 203
233 766
233 768
234 767
234 212
234 92
234 95
234 89
234 768
235 771
235 769
235 765
235 770
235 772
235 773
236 765
236 148
236 930
236 903
236 149
236 770
237 142
237 763
237 764
237 769
237 771
238 770
238 149
238 517
238 518
238 374
238 397
238 772
239 438
239 413
239 408
239 142
239 771
239 773
240 778
240 777
240 775
240 774
240 776
240 779
240 780
241 774
241 154
241 155
241 153
241 776
242 512
242 513
242 154
242 774
242 775
243 159
243 627
243 512
243 775
243 777
244 158
244 157
244 156
244 160
244 159
244 777
244 778
245 85
245 84
245 365
245 162
245 782
246 284
246 711
246 977
246 6
246 290
246 784
246 785
247 787
247 320
247 319
247 158
247 778
247 780
247 788
248 153
248 155
248 143
248 408
248 413
248 789
248 790
249 791
249 438
249 773
249 772
249 397
249 792
250 789
250 413
250 438
250 791
250 793
251 532
251 529
251 530
251 516
251 794
251 796
252 531
252 199
252 196
252 532
252 796
252 797
253 792
253 397
253 374
253 531
253 797
253 798
254 799
254 781
254 87
254 86
254 85
254 782
254 801
255 782
255 162
255 163
255 161
255 800
255 801
256 802
256 795
256 794
256 516
256 515
256 164
256 803
257 8
257 11
257 58
257 202
257 201
257 442
258 442
258 201
258 200
258 826
258 445
258 474
259 817
259 814
259 815
259 816
259 818
260 213
260 92
260 212
260 814
260 817
261 814
261 212
261 767
261 764
261 763
261 145
261 815
262 815
262 145
262 144
262 57
262 243
262 816
263 823
263 820
263 821
263 822
263 819
263 824
264 247
264 246
264 244
264 245
264 819
264 822
265 819
265 245
265 565
265 566
265 249
265 250
265 824
266 820
266 818
266 816
266 243
266 562
266 821
267 900
267 899
267 213
267 817
267 818
267 820
267 823
268 821
268 562
268 233
268 232
268 247
268 822
269 534
269 837
269 827
269 467
269 667
269 894
269 5
270 827
270 573
270 576
270 330
270 329
270 311
270 467
271 133
271 585
271 12
271 573
271 827
271 837
272 467
272 311
272 620
272 618
272 614
272 667
273 667
273 614
273 136
273 635
273 894
274 894
274 635
274 636
274 634
274 637
274 5
275 631
275 183
275 184
275 133
275 837
275 534
276 637
276 633
276 632
276 631
276 534
276 5
277 312
277 313
277 314
277 578
277 596
278 318
278 320
278 787
278 786
278 665
278 460
279 940
279 938
279 937
279 939
279 941
279 942
280 693
280 335
280 333
280 334
280 938
280 940
281 323
281 692
281 336
281 693
281 940
281 942
282 941
282 321
282 322
282 325
282 324
282 323
282 942
283 943
283 945
283 944
283 946
283 947
284 338
284 337
284 339
284 340
284 943
284 947
285 943
285 340
285 889
285 890
285 886
285 885
285 945
286 944
286 702
286 701
286 705
286 946
287 885
287 377
287 845
287 702
287 944
287 945
288 946
288 705
288 704
288 703
288 706
288 338
288 947
289 164
289 515
289 514
289 94
289 43
289 669
289 961
290 975
290 359
290 972
290 825
290 362
290 976
291 923
291 926
291 925
291 0
291 2
292 0
292 925
292 924
292 395
292 984
292 983
292 1
293 931
293 902
293 935
293 933
293 757
293 936
294 931
294 343
294 487
294 489
294 491
294 492
294 902
295 495
295 266
295 263
295 343
295 931
295 936
296 933
296 406
296 405
296 640
296 493
296 757
297 599
297 291
297 406
297 933
297 935
298 492
298 600
298 151
298 150
298 599
298 935
298 902
299 757
299 493
299 494
299 496
299 495
299 936
300 498
300 499
300 500
300 952
300 223
301 958
301 905
301 908
301 459
301 612
301 165
302 165
302 612
302 451
302 898
302 498
302 223
303 379
303 394
303 916
303 50
303 452
303 982
304 381
304 382
304 380
304 379
304 982
304 987
305 3
305 503
305 502
305 504
305 505
305 501
305 7
306 506
306 906
306 907
306 503
306 3
306 4
307 7
307 501
307 895
307 381
307 987
307 870
308 870
308 987
308 982
308 452
308 832
309 186
309 953
309 958
309 165
309 223
309 952
309 187
310 187
310 952
310 500
310 907
310 906
310 188
311 188
311 906
311 506
311 507
311 189
311 190
312 41
312 186
312 187
312 188
312 190
312 191
313 407
313 195
313 193
313 194
313 412
313 88
314 410
314 431
314 490
314 192
314 193
314 195
315 192
315 490
315 522
315 921
315 409
316 193
316 192
316 409
316 411
316 41
316 191
316 194
317 194
317 191
317 190
317 189
317 412
318 412
318 189
318 507
318 10
318 9
318 88
319 451
319 612
319 459
319 93
319 535
319 89
319 95
320 92
320 213
320 899
320 898
320 451
320 95
321 209
321 208
321 206
321 207
321 536
321 210
322 206
322 339
322 337
322 910
322 207
323 915
323 889
323 340
323 339
323 206
323 208
324 914
324 538
324 539
324 915
324 208
324 209
325 547
325 546
325 901
325 914
325 209
325 210
326 211
326 597
326 570
326 939
326 937
326 120
327 120
327 937
327 938
327 334
327 326
327 121
328 121
328 326
328 327
328 330
328 576
328 124
329 214
329 126
329 125
329 215
329 216
330 12
330 585
330 579
330 582
330 577
330 125
330 126
331 125
331 577
331 555
331 554
331 215
332 124
332 576
332 573
332 12
332 126
332 214
333 211
333 120
333 121
333 124
333 214
333 216
334 215
334 554
334 14
334 595
334 597
334 211
334 216
335 217
335 321
335 941
335 939
335 570
335 218
336 913
336 322
336 321
336 217
336 219
337 220
337 222
337 221
337 828
337 224
337 225
337 226
338 220
338 571
338 572
338 574
338 294
338 222
339 411
339 409
339 921
339 571
339 220
339 226
340 294
340 444
340 441
340 221
340 222
341 224
341 905
341 958
341 953
341 225
342 225
342 953
342 186
342 41
342 411
342 226
343 262
343 415
343 424
343 422
343 658
343 282
344 286
344 661
344 660
344 461
344 283
344 285
344 287
345 51
345 950
345 951
345 385
345 383
345 283
345 461
346 660
346 662
346 663
346 51
346 461
347 285
347 391
347 390
347 664
347 287
348 664
348 39
348 38
348 37
348 286
348 287
349 293
349 295
349 755
349 296
349 297
350 293
350 669
350 43
350 42
350 251
350 295
351 251
351 710
351 709
351 735
351 736
351 755
351 295
352 755
352 736
352 733
352 87
352 781
352 296
353 228
353 94
353 514
353 528
353 344
354 301
354 300
354 302
354 303
354 304
355 300
355 46
355 48
355 434
355 302
356 710
356 251
356 42
356 47
356 46
356 300
356 301
357 719
357 276
357 709
357 710
357 301
357 304
358 302
358 434
358 35
358 32
358 717
358 303
359 303
359 717
359 715
359 716
359 718
359 719
359 304
360 872
360 306
360 305
360 307
360 308
360 309
361 720
361 721
361 723
361 722
361 305
361 306
362 305
362 722
362 718
362 716
362 307
363 78
363 80
363 79
363 720
363 306
363 872
364 307
364 716
364 715
364 404
364 403
364 726
364 308
365 308
365 726
365 725
365 724
365 309
366 724
366 22
366 21
366 968
366 78
366 872
366 309
367 237
367 239
367 569
367 852
367 380
367 382
368 381
368 895
368 568
368 564
368 238
368 237
368 382
369 351
369 161
369 163
369 398
369 783
369 352
370 357
370 355
370 356
370 353
370 354
370 252
371 352
371 783
371 785
371 784
371 353
371 356
372 353
372 784
372 290
372 432
372 354
373 355
373 357
373 641
373 253
373 361
374 350
374 351
374 352
374 356
374 355
374 361
374 256
375 363
375 811
375 788
375 780
375 779
375 364
376 364
376 779
376 776
376 153
376 790
376 265
377 267
377 793
377 791
377 792
377 798
377 367
378 798
378 797
378 796
378 794
378 795
378 366
378 367
379 802
379 803
379 349
379 348
379 368
379 369
380 366
380 795
380 802
380 369
380 271
381 267
381 367
381 366
381 271
381 372
382 371
382 265
382 790
382 789
382 793
382 267
382 372
383 439
383 405
383 406
383 291
383 436
383 437
383 440
384 466
384 874
384 866
384 842
384 638
384 468
385 578
385 314
385 623
385 624
385 842
385 866
386 842
386 624
386 630
386 316
386 315
386 638
387 252
387 354
387 432
387 707
387 874
387 466
388 460
388 665
388 641
388 357
388 252
388 466
388 468
389 638
389 315
389 318
389 460
389 468
390 469
390 470
390 471
390 472
390 473
391 469
391 985
391 984
391 395
391 312
391 596
391 470
392 470
392 596
392 578
392 866
392 874
392 707
392 471
393 471
393 707
393 432
393 290
393 6
393 472
394 472
394 6
394 977
394 973
394 963
394 473
395 962
395 961
395 669
395 293
395 297
396 477
396 476
396 479
396 478
396 639
397 476
397 974
397 830
397 975
397 976
397 479
398 954
398 435
398 878
398 974
398 476
398 477
399 405
399 439
399 954
399 477
399 639
399 640
400 976
400 362
400 598
400 146
400 478
400 479
401 2
401 0
401 1
401 860
401 346
402 860
402 1
402 983
402 341
402 932
403 871
403 444
403 294
403 574
403 923
403 2
403 346
404 342
404 396
404 277
404 278
404 347
404 601
405 644
405 912
405 913
405 219
405 646
406 647
406 4
406 3
406 7
406 870
406 832
406 475
407 10
407 507
407 506
407 4
407 647
407 648
408 643
408 9
408 10
408 648
408 91
409 203
409 535
409 93
409 117
409 831
409 118
410 117
410 93
410 459
410 908
410 119
410 751
411 119
411 908
411 905
411 224
411 828
411 254
412 141
412 140
412 843
412 867
412 875
413 218
413 570
413 597
413 595
413 140
413 141
414 140
414 595
414 14
414 40
414 920
414 843
415 645
415 646
415 219
415 217
415 218
415 141
415 875
416 843
416 920
416 410
416 195
416 407
416 867
417 867
417 407
417 88
417 9
417 643
417 645
417 875
418 45
418 44
418 228
418 344
418 345
418 754
418 758
419 282
419 658
419 659
419 759
419 760
420 759
420 659
420 28
420 49
420 45
420 758
420 761
421 668
421 642
421 804
421 264
421 807
421 744
422 804
422 204
422 348
422 349
422 264
423 350
423 256
423 255
423 204
423 804
423 642
424 800
424 161
424 351
424 350
424 642
424 668
425 799
425 801
425 800
425 668
425 744
426 264
426 349
426 803
426 164
426 961
426 962
426 807
427 807
427 962
427 297
427 296
427 781
427 799
427 744
428 812
428 813
428 811
428 363
428 809
428 808
428 810
429 371
429 372
429 271
429 369
429 368
429 808
429 809
430 808
430 368
430 348
430 204
430 255
430 810
431 363
431 364
431 265
431 371
431 809
432 810
432 255
432 256
432 361
432 253
432 812
433 786
433 787
433 788
433 811
433 813
434 253
434 641
434 665
434 786
434 813
434 812
435 897
435 900
435 823
435 824
435 250
435 497
436 839
436 836
436 876
436 838
436 840
437 876
437 277
437 396
437 986
437 878
437 435
437 838
438 838
438 435
438 954
438 439
438 440
438 840
439 440
439 437
439 834
439 833
439 839
439 840
440 856
440 298
440 853
440 855
440 857
440 858
441 464
441 463
441 825
441 972
441 853
441 298
442 853
442 972
442 359
442 358
442 360
442 855
443 855
443 360
443 711
443 284
443 857
444 398
444 163
444 162
444 365
444 453
444 856
444 858
445 857
445 284
445 785
445 783
445 398
445 858
446 863
446 862
446 310
446 859
446 861
446 864
446 865
447 341
447 983
447 984
447 985
447 859
447 310
448 859
448 985
448 469
448 473
448 963
448 861
449 342
449 601
449 932
449 341
449 310
449 862
450 861
450 963
450 973
450 185
450 864
451 986
451 396
451 342
451 862
451 863
452 830
452 974
452 878
452 986
452 863
452 865
453 864
453 185
453 358
453 359
453 975
453 830
453 865
454 959
454 955
454 956
454 957
454 868
454 960
455 955
455 644
455 646
455 645
455 643
455 91
455 956
456 537
456 909
456 912
456 644
456 955
456 959
457 956
457 91
457 648
457 647
457 475
457 957
458 957
458 475
458 832
458 452
458 50
458 868
459 868
459 50
459 916
459 544
459 548
459 960
460 548
460 547
460 210
460 536
460 537
460 959
460 960
461 930
461 118
461 831
461 869
461 873
461 841
461 903
462 831
462 117
462 751
462 762
462 869
463 148
463 766
463 203
463 118
463 930
464 841
464 666
464 904
464 519
464 517
464 149
464 903
465 762
465 751
465 119
465 254
465 934
465 978
466 979
466 836
466 839
466 833
466 835
466 980
467 278
467 277
467 876
467 836
467 979
467 877
468 54
468 401
468 373
468 52
468 55
469 52
469 760
469 759
469 761
469 55
470 708
470 262
470 282
470 760
470 52
470 373
471 761
471 758
471 754
471 59
471 58
471 11
471 54
471 55
472 834
472 437
472 436
472 433
472 756
472 122
473 756
473 433
473 152
473 260
473 805
473 299
473 123
474 96
474 441
474 444
474 871
474 147
474 829
475 934
475 254
475 828
475 221
475 441
475 96
475 227
476 877
476 979
476 980
476 229
476 272
476 230
477 347
477 278
477 877
477 230
477 829
477 147
478 871
478 346
478 860
478 932
478 601
478 347
478 147
479 122
479 756
479 123
479 399
479 268
480 275
480 274
480 273
480 272
480 229
480 613
481 227
481 96
481 829
481 230
481 272
481 273
482 978
482 934
482 227
482 273
482 274
483 205
483 873
483 869
483 762
483 978
483 274
483 275
484 445
484 753
484 745
484 575
484 474
485 399
485 123
485 299
485 844
485 8
485 442
485 474
485 575
486 521
486 519
486 904
486 753
486 445
486 826
487 752
487 289
487 747
487 288
487 749
487 292
488 288
488 268
488 399
488 575
488 745
488 749
489 835
489 833
489 834
489 122
489 268
489 288
489 747
490 289
490 613
490 229
490 980
490 835
490 747
491 205
491 275
491 613
491 289
491 752
492 749
492 745
492 753
492 904
492 666
492 292
493 666
493 841
493 873
493 205
493 752
493 292
