0.8866161666
1.0384319193
1.1496553776
0.9644617703
0.9212466459
0.9540561092
0.9940831229
0.9645826499
0.9264476945
0.8816060114
1.0238894134
0.9410079738
0.8559414882
1.0773703108
0.8972032670
0.9909013750
1.0492003003
1.0424672201
1.1283048815
1.0315986454
0.9591917798
0.9932052407
0.9047573342
0.9889322598
1.0570594293
1.0915420172
0.8330659493
1.0482713644
0.9689527329
1.2394689731
1.1550930919
0.9353534823
0.9071062764
0.8345023855
1.0350192503
0.9858243484
1.0521081787
0.9979099136
0.8256156051
0.9200841124
0.8696429570
1.0178105002
0.9665597637
0.9693972870
0.9667594426
1.1962947340
1.0719242492
1.1142886511
1.2082876969
0.8715352247
1.0538127610
0.9955460592
1.2597164372
0.9941733718
0.9054713004
1.0541172389
0.9944991113
1.1120020809
0.9808357050
0.9389861578
0.9555421148
0.7795990703
0.9569329516
0.9574906542
1.0147291993
1.0424924272
1.0347257744
0.9723764455
0.8797704377
1.1031023303
1.0723318952
1.1432778725
1.0609506866
0.9415844456
0.9842125025
0.9637046835
1.0268068655
1.0621987421
1.0238169366
0.9250816441
0.9721018550
1.0701622147
1.0599344530
1.0215407697
1.1299866659
0.9396365998
1.0252243807
1.0831516792
0.9630811303
0.8970063839
0.9352417761
1.2149267106
0.7862976553
1.0466418934
0.9691145416
1.2103122447
0.8949602677
0.9872886366
0.8415869450
0.9388925561
1.0103719408
0.9966490711
1.0676452416
0.8947751389
0.8628035422
1.0445662650
0.8363584022
0.9391942965
0.9826860757
0.9074391683
1.0912657795
1.1255954092
1.0224465992
0.9519580313
1.0462788355
0.9729708390
0.9616305732
1.1211867583
0.9510756220
1.0518548884
0.7466735750
1.0651949104
0.8968464046
1.0002771693
1.1225553772
1.0044286120
1.0174590912
0.9435910690
0.9913345353
1.0396050974
0.8861710605
1.0637091350
1.0782667939
1.1320286629
0.9837786811
0.8338084321
1.0630403032
0.9602950211
0.9312870480
0.9026708500
0.8486199141
0.9990640580
1.1756813008
1.0286169914
1.0966794805
1.0461023174
0.8735393173
0.8084649681
0.9878595292
1.1285415452
0.9018380925
0.9727331394
0.9766244513
0.9696362902
1.0149778684
1.0086237220
0.9263118556
0.7768331270
1.0199272737
1.0236553208
1.0387079219
1.2461918836
1.1312655220
1.0390913941
0.9563001524
0.9544044745
0.7972956835
1.0720262800
0.9952456512
1.0847146478
1.0888175938
0.9285580136
1.1269427098
0.9546006606
0.9196755448
0.9871518090
0.9969822951
0.9786338003
1.0196520370
1.2105104031
0.9768137763
1.2693605545
1.0820103553
1.0681458847
0.9580318160
1.0316705859
1.0364820019
1.0166595901
1.0919543408
1.1692392396
0.9356089251
0.9760344709
0.9703849380
1.0048709234
1.2083426657
1.0823496815
0.9055412867
1.0511588601
0.8635119157
1.0357739991
0.7665084580
0.8924795448
0.8117098677
1.1246578583
1.0449942575
0.8984123249
1.0772134132
0.8780635549
0.9218365333
1.0551478944
0.8463523388
0.9483940870
0.9251706190
1.1381803452
1.0710708229
0.9917258748
1.0506220696
0.8444748300
1.1312571745
0.9449908280
0.8981195575
1.0078622860
0.9306547663
1.0595946393
1.0120778368
1.0271779771
0.8880575339
0.9138686326
1.0900856600
0.9098163443
1.1134165403
0.9684789134
0.9941178435
0.9649459518
0.8463765428
0.9823391686
0.8532819394
0.8472013098
1.0814247482
1.1817798202
0.9918177871
0.9910333214
0.9809983928
0.9968609690
0.9327700213
0.8931276085
1.0390794423
1.0364905309
0.8322396408
1.0188742345
0.7736683481
0.9130949666
1.1887026484
0.9016521203
1.1810996488
1.0359225855
1.0127258219
0.9543643940
0.9928618318
1.1607365333
0.9618160794
0.9302083711
0.9943820131
0.9425156480
0.8152747501
0.8813805440
0.9370896206
1.0007616988
0.9547379168
1.0254608118
0.9933792150
1.0357620937
1.0217556463
1.0433193521
1.1191711336
1.0239903942
0.9298805650
1.0211115180
0.9384769096
1.1212619991
1.0372389600
1.1379572877
1.0621148661
1.0570383420
1.0126256147
0.9954479945
0.9172346123
0.9839872439
0.8676049634
1.1078973082
1.1484467408
0.9943671308
1.0488243346
0.9857277181
0.9388671304
0.9624007633
0.9433341865
1.0341072879
1.1969222366
0.9317512824
0.8816492183
1.0189721564
1.1352661576
0.9655378014
1.0086882384
0.8593266516
1.0428921172
1.0098544938
1.0444444180
1.0926262775
0.8036914895
0.9680807233
1.0056695162
0.8663618980
1.1045224408
0.9292898251
1.0330780560
0.9814867237
1.0084151086
1.0232579049
1.1203102633
0.9009475250
0.9567578933
1.0021484661
0.8950667280
0.8877367292
0.8926581608
0.9125473792
1.0764164040
0.7408300044
0.8763217038
0.9439388444
0.9635483079
0.9459950731
0.9274291528
1.0009064413
1.0973895006
0.8610663270
0.8232667332
1.2442872146
1.1673598027
1.0192235502
1.1574710508
0.8995047868
1.0292699508
1.1003196159
0.7884585899
0.9173736833
1.0037532494
0.8817591611
0.7907430231
1.1052022452
1.1248610783
1.0692007598
0.9439956641
0.8529134086
1.0515043078
0.8969555438
0.9656630465
0.9570887233
0.9912947880
0.9789347392
0.9961607140
0.8816645049
1.0523306464
0.7674367425
0.9801784662
0.9459698775
1.1184431592
1.1571026979
0.9346656704
0.8845442446
0.9934375665
0.8941362727
0.8192304569
0.6845337049
1.0811314089
0.9553716617
0.9146587230
1.1023628349
0.9506297042
1.0715037326
1.2866247479
0.9062250816
1.0989113769
0.8212664499
0.8013679497
1.0997874441
1.1027321169
1.0405987841
0.9052819478
1.1945031800
0.9712302043
1.0215549072
1.0345918249
0.8182189074
0.9182569870
0.9908297274
1.1589308301
1.0288787803
1.0830066198
1.0947681899
0.8760942051
0.9422643775
1.2070358648
0.8984294845
0.8807285409
1.2026983773
1.0625159353
1.0579717364
0.8646000025
1.0476907219
1.0448853767
0.8922553286
1.1228884256
0.9613132846
1.0558109284
0.8962754760
1.1518401438
0.9863796325
0.7723940014
1.1153019931
0.9523239782
0.8567399978
0.7924675040
0.8547531804
1.0524004669
0.8907112450
1.1188540457
0.9109909946
1.1029007308
1.0419334437
0.8722244518
0.8101594234
1.0732580568
0.9658301233
1.1733723517
0.8993469880
0.8527199109
1.0563261669
1.0618991477
1.0606332434
1.0662411794
0.8913594528
0.9195352649
0.8629725440
1.0168098018
1.0258058995
0.9864508635
1.0078917220
0.9186407307
0.9278422456
1.0022650095
0.8859949523
1.1708145546
1.1213644601
0.9793517928
1.1017896362
0.8386505980
1.2113849734
0.9763582645
1.1844237547
0.9019442083
1.0342605557
1.0368076641
1.0152241479
0.8989600247
0.9452287358
0.9700871278
1.1722903635
0.9047501059
1.2558830525
1.0492326578
0.9366774731
1.0799050741
0.9666775781
0.9424534886
0.9709027916
1.0864025256
0.9331391483
1.1363643805
1.0454878800
1.0402704226
1.0917241968
0.9850815175
0.9669591881
0.9440925389
0.8967504212
1.0093003614
1.0095751314
1.0168717286
0.9635436173
0.9097136624
0.9734047986
