0 1 925 2 1 925 2 292 401 291
1 860 983 0 860 983 0 402 401 292
2 346 0 923 346 0 923 401 403 291
3 4 7 503 4 7 503 406 306 305
4 647 3 506 647 3 506 406 407 306
5 637 894 534 637 894 534 274 276 269
6 472 977 290 472 977 290 394 393 246
7 870 501 3 870 501 3 307 406 305
8 442 11 844 442 11 844 257 485 142
9 643 10 88 643 10 88 408 417 318
10 648 507 9 648 507 9 407 408 318
11 58 54 8 58 54 8 471 257 142
12 126 585 573 126 585 573 330 332 271
13 589 107 108 589 107 108 3 4 0
14 595 40 554 595 40 554 414 334 172
15 557 17 16 557 17 16 119 73 72
16 533 15 19 533 15 19 73 74 72
17 240 18 15 240 18 15 118 119 72
18 38 20 17 38 20 17 82 118 72
19 965 16 20 965 16 20 74 83 72
20 36 19 18 36 19 18 83 82 72
21 22 968 971 22 968 971 366 194 75
22 724 21 652 724 21 652 366 214 194
23 649 971 99 649 971 99 194 191 7
24 725 653 26 725 653 26 214 215 195
25 654 426 27 654 426 27 196 195 76
26 24 27 430 24 27 430 195 215 77
27 26 25 966 26 25 966 195 77 76
28 659 49 34 659 49 34 420 199 85
29 950 583 416 950 583 416 188 86 78
30 421 33 31 421 33 31 80 81 79
31 428 30 32 428 30 32 81 210 79
32 717 31 35 717 31 35 210 358 79
33 422 34 30 422 34 30 199 80 79
34 28 35 33 28 35 33 85 199 79
35 434 32 34 434 32 34 358 85 79
36 20 37 427 20 37 427 82 83 200
37 286 36 38 286 36 38 200 348 82
38 39 37 18 39 37 18 348 118 82
39 664 38 569 664 38 569 348 203 118
40 920 53 14 920 53 14 173 414 172
41 411 191 186 411 191 186 316 342 312
42 251 47 43 251 47 43 356 350 204
43 669 42 94 669 42 94 350 289 204
44 228 47 45 228 47 45 204 418 84
45 758 44 49 758 44 49 418 420 84
46 300 48 47 300 48 47 355 356 84
47 42 46 44 42 46 44 356 204 84
48 434 49 46 434 49 46 85 355 84
49 28 45 48 28 45 48 420 85 84
50 868 916 452 868 916 452 459 458 303
51 950 663 461 950 663 461 86 345 346
52 760 373 55 760 373 55 470 469 468
53 525 90 40 525 90 40 174 173 172
54 55 401 11 55 401 11 468 471 142
55 761 52 54 761 52 54 469 471 468
56 234 513 57 234 513 57 114 113 103
57 243 56 144 243 56 144 113 262 103
58 11 202 59 11 202 59 257 471 108
59 754 58 526 754 58 526 471 140 108
60 447 270 269 447 270 269 91 208 205
61 62 270 69 62 270 69 207 94 91
62 496 61 370 496 61 370 207 151 94
63 64 463 65 64 463 65 88 95 87
64 72 462 63 72 462 63 96 95 88
65 66 63 598 66 63 598 95 89 87
66 70 65 370 70 65 370 95 94 89
67 446 68 69 446 68 69 92 91 90
68 449 71 67 449 71 67 93 92 90
69 61 67 70 61 67 70 91 94 90
70 66 69 72 66 69 72 94 95 90
71 450 72 68 450 72 68 96 93 90
72 64 70 71 64 70 71 95 96 90
73 74 677 713 74 677 713 222 228 209
74 739 81 73 739 81 73 227 228 222
75 77 76 281 77 76 281 30 9 8
76 556 533 75 556 533 75 73 30 8
77 128 75 279 128 75 279 30 10 9
78 872 80 968 872 80 968 363 366 99
79 675 80 720 675 80 720 100 211 363
80 78 79 603 78 79 603 363 99 100
81 74 82 732 74 82 732 227 222 221
82 81 454 83 81 454 83 227 221 101
83 730 82 455 730 82 455 221 220 101
84 85 365 457 85 365 457 245 226 102
85 782 84 86 782 84 86 245 254 226
86 85 737 87 85 737 87 226 254 225
87 733 781 86 733 781 86 352 225 254
88 9 412 407 9 412 407 318 417 313
89 95 768 535 95 768 535 234 319 233
90 549 567 53 549 567 53 175 174 172
91 956 648 643 956 648 643 457 455 408
92 213 212 95 213 212 95 260 320 234
93 117 459 535 117 459 535 410 409 319
94 514 43 228 514 43 228 289 353 204
95 451 92 89 451 92 89 320 319 234
96 441 227 829 441 227 829 475 474 481
97 281 98 587 281 98 587 192 9 3
98 650 99 97 650 99 97 191 192 3
99 23 107 98 23 107 98 7 191 3
100 602 112 170 602 112 170 40 56 14
101 171 113 106 171 113 106 14 53 1
102 105 969 103 105 969 103 6 53 5
103 688 102 109 688 102 109 53 52 5
104 970 105 107 970 105 107 6 7 0
105 102 106 104 102 106 104 53 6 0
106 101 108 105 101 108 105 1 53 0
107 104 13 99 104 13 99 0 7 3
108 110 13 106 110 13 106 4 1 0
109 604 103 967 604 103 967 52 99 5
110 116 108 113 116 108 113 4 2 1
111 670 114 112 670 114 112 132 40 2
112 100 111 113 100 111 113 40 14 2
113 112 110 101 112 110 101 2 14 1
114 331 116 111 331 116 111 134 132 2
115 594 590 116 594 590 116 35 134 4
116 115 110 114 115 110 114 4 134 2
117 751 93 831 751 93 831 410 462 409
118 930 831 203 930 831 203 461 463 409
119 254 908 751 254 908 751 411 465 410
120 121 937 211 121 937 211 327 333 326
121 124 326 120 124 326 120 328 333 327
122 268 756 834 268 756 834 479 489 472
123 399 299 756 399 299 756 485 479 473
124 214 576 121 214 576 121 332 333 328
125 577 126 215 577 126 215 330 331 329
126 12 214 125 12 214 125 332 330 329
127 511 128 591 511 128 591 26 25 10
128 558 77 127 558 77 127 30 26 10
129 559 558 510 559 558 510 29 122 26
130 132 593 591 132 593 591 34 11 25
131 617 132 590 617 132 590 34 35 12
132 131 130 588 131 130 588 34 12 11
133 837 585 184 837 585 184 271 275 178
134 626 508 135 626 508 135 112 36 24
135 138 134 592 138 134 592 36 33 24
136 635 137 614 635 137 614 39 273 32
137 138 615 136 138 615 136 33 39 32
138 139 135 137 139 135 137 36 39 33
139 636 625 138 636 625 138 105 39 36
140 595 141 843 595 141 843 413 414 412
141 218 875 140 218 875 140 415 413 412
142 763 408 771 763 408 771 232 237 239
143 408 144 155 408 144 155 232 248 103
144 145 57 143 145 57 143 262 232 103
145 815 144 763 815 144 763 262 261 232
146 478 893 598 478 893 598 150 400 89
147 871 829 347 871 829 347 474 478 477
148 930 766 765 930 766 765 463 236 231
149 517 903 770 517 903 770 464 238 236
150 151 599 152 151 599 152 298 16 13
151 150 259 600 150 259 600 16 298 15
152 260 150 433 260 150 433 16 473 13
153 790 155 776 790 155 776 248 376 241
154 774 155 513 774 155 513 241 242 103
155 153 143 154 153 143 154 248 241 103
156 160 634 157 160 634 157 105 244 104
157 158 156 628 158 156 628 244 127 104
158 778 157 319 778 157 319 244 247 127
159 777 627 160 777 627 160 243 244 115
160 159 625 156 159 625 156 115 244 105
161 351 163 800 351 163 800 369 424 255
162 163 365 782 163 365 782 444 255 245
163 398 162 161 398 162 161 444 369 255
164 961 515 803 961 515 803 289 426 256
165 223 612 958 223 612 958 302 309 301
166 603 674 167 603 674 167 100 51 41
167 686 166 168 686 166 168 51 49 41
168 605 167 673 605 167 673 49 218 41
169 729 448 681 729 448 681 220 217 45
170 173 100 171 173 100 171 56 50 14
171 688 170 101 688 170 101 50 53 14
172 697 685 611 697 685 611 57 58 48
173 696 170 174 696 170 174 56 57 50
174 689 685 173 689 685 173 47 50 57
175 683 176 608 683 176 608 46 44 17
176 177 851 175 177 851 175 22 46 17
177 176 981 446 176 981 446 46 22 92
178 324 179 690 324 179 690 129 130 61
179 178 692 180 178 692 180 129 61 55
180 703 179 699 703 179 699 61 62 55
181 704 698 182 704 698 182 62 63 58
182 700 181 611 700 181 611 63 59 58
183 184 621 631 184 621 631 69 275 38
184 133 917 183 133 917 183 178 275 69
185 864 358 973 864 358 973 453 450 141
186 41 187 953 41 187 953 312 342 309
187 188 952 186 188 952 186 310 312 309
188 190 906 187 190 906 187 311 312 310
189 412 507 190 412 507 190 318 317 311
190 191 189 188 191 189 188 317 312 311
191 194 190 41 194 190 41 317 316 312
192 490 193 409 490 193 409 314 315 316
193 194 192 195 194 192 195 316 313 314
194 191 193 412 191 193 412 316 317 313
195 410 407 193 410 407 193 416 314 313
196 532 197 199 532 197 199 107 252 106
197 527 202 196 527 202 196 108 107 106
198 520 199 200 520 199 200 110 109 106
199 531 196 198 531 196 198 252 110 106
200 826 198 201 826 198 201 109 258 106
201 442 200 202 442 200 202 258 257 106
202 58 201 197 58 201 197 257 108 106
203 118 535 766 118 535 766 409 463 233
204 255 804 348 255 804 348 423 430 422
205 752 275 873 752 275 873 491 493 483
206 339 208 207 339 208 207 323 322 321
207 206 536 910 206 536 910 321 322 159
208 915 209 206 915 209 206 324 323 321
209 914 210 208 914 210 208 325 324 321
210 547 536 209 547 536 209 460 325 321
211 216 120 597 216 120 597 333 334 326
212 814 767 92 814 767 92 261 260 234
213 899 817 92 899 817 92 267 320 260
214 124 216 126 124 216 126 333 332 329
215 554 125 216 554 125 216 331 334 329
216 211 215 214 211 215 214 334 333 329
217 219 218 321 219 218 321 415 336 335
218 141 570 217 141 570 217 413 415 335
219 646 217 913 646 217 913 415 405 336
220 571 226 222 571 226 222 339 338 337
221 441 222 828 441 222 828 340 475 337
222 294 220 221 294 220 221 338 340 337
223 165 952 498 165 952 498 309 302 300
224 905 828 225 905 828 225 411 341 337
225 953 224 226 953 224 226 341 342 337
226 411 225 220 411 225 220 342 339 337
227 273 96 934 273 96 934 481 482 475
228 344 94 44 344 94 44 353 418 204
229 980 272 613 980 272 613 476 490 480
230 829 272 877 829 272 877 481 477 476
231 509 235 232 509 235 232 112 123 111
232 247 231 233 247 231 233 123 268 111
233 562 232 234 562 232 234 268 113 111
234 56 233 236 56 233 236 113 114 111
235 626 236 231 626 236 231 115 112 111
236 627 234 235 627 234 235 114 115 111
237 382 239 238 382 239 238 367 368 116
238 564 237 241 564 237 241 368 117 116
239 569 240 237 569 240 237 118 367 116
240 17 241 239 17 241 239 119 118 116
241 240 242 238 240 242 238 119 116 117
242 563 241 560 563 241 560 117 120 119
243 816 562 57 816 562 57 266 262 113
244 246 245 559 246 245 559 264 122 121
245 819 565 244 819 565 244 265 264 121
246 247 244 510 247 244 510 264 123 122
247 822 246 232 822 246 232 264 268 123
248 505 568 249 505 568 249 153 156 124
249 250 248 566 250 248 566 156 265 124
250 824 497 249 824 497 249 435 265 156
251 710 42 295 710 42 295 356 351 350
252 466 354 357 466 354 357 387 388 370
253 812 641 361 812 641 361 434 432 373
254 934 828 119 934 828 119 475 465 411
255 810 256 204 810 256 204 432 430 423
256 255 361 350 255 361 350 432 423 374
257 258 846 259 258 846 259 182 64 15
258 581 257 806 581 257 806 182 183 64
259 260 257 151 260 257 151 64 16 15
260 805 259 152 805 259 152 64 473 16
261 464 462 465 464 462 465 88 97 23
262 282 415 708 282 415 708 343 470 181
263 343 269 266 343 269 266 206 295 205
264 349 804 807 349 804 807 422 426 421
265 371 790 364 371 790 364 382 431 376
266 495 263 270 495 263 270 295 207 205
267 372 367 793 372 367 793 381 382 377
268 288 399 122 288 399 122 488 489 479
269 891 60 263 891 60 263 208 206 205
270 266 60 61 266 60 61 205 207 91
271 372 369 366 372 369 366 429 381 380
272 273 229 230 273 229 230 480 481 476
273 227 274 272 227 274 272 482 481 480
274 978 275 273 978 275 273 483 482 480
275 205 613 274 205 613 274 491 483 480
276 709 400 719 709 400 719 223 357 213
277 876 396 278 876 396 278 437 467 404
278 877 277 347 877 277 347 467 477 404
279 591 77 588 591 77 588 10 11 9
280 964 281 533 964 281 533 192 74 8
281 97 75 280 97 75 280 9 192 8
282 760 658 262 760 658 262 419 470 343
283 461 285 383 461 285 383 344 345 19
284 857 785 711 857 785 711 445 443 246
285 287 391 283 287 391 283 347 344 19
286 287 661 37 287 661 37 344 348 200
287 664 285 286 664 285 286 347 348 344
288 268 747 749 268 747 749 489 488 487
289 613 752 747 613 752 747 491 490 487
290 432 6 784 432 6 784 393 372 246
291 406 436 599 406 436 599 383 297 13
292 666 749 752 666 749 752 492 493 487
293 669 297 295 669 297 295 395 350 349
294 444 574 222 444 574 222 403 340 338
295 251 293 755 251 293 755 350 351 349
296 781 755 297 781 755 297 352 427 349
297 962 296 293 962 296 293 427 395 349
298 853 464 856 853 464 856 441 440 97
299 123 844 805 123 844 805 485 473 143
300 46 301 302 46 301 302 356 355 354
301 710 304 300 710 304 300 357 356 354
302 434 300 303 434 300 303 355 358 354
303 717 302 304 717 302 304 358 359 354
304 719 303 301 719 303 301 359 357 354
305 722 306 307 722 306 307 361 362 360
306 720 872 305 720 872 305 363 361 360
307 716 305 308 716 305 308 362 364 360
308 726 307 309 726 307 309 364 365 360
309 724 308 872 724 308 872 365 366 360
310 341 862 859 341 862 859 449 447 446
311 467 620 329 467 620 329 272 270 133
312 596 313 395 596 313 395 277 391 171
313 312 314 552 312 314 552 277 171 170
314 578 623 313 578 623 313 385 277 170
315 638 318 316 638 318 316 389 386 125
316 630 315 317 630 315 317 386 126 125
317 628 316 319 628 316 319 126 127 125
318 460 320 315 460 320 315 278 389 125
319 158 317 320 158 317 320 127 247 125
320 787 319 318 787 319 318 247 278 125
321 217 941 322 217 941 322 335 336 282
322 321 325 913 321 325 913 282 336 128
323 942 692 324 942 692 324 281 282 129
324 325 323 178 325 323 178 282 130 129
325 324 691 322 324 691 322 130 282 128
326 121 327 334 121 327 334 328 327 136
327 326 330 328 326 330 328 328 136 131
328 671 327 331 671 327 331 136 132 131
329 311 332 330 311 332 330 133 270 131
330 576 329 327 576 329 327 270 328 131
331 114 328 332 114 328 332 132 134 131
332 594 331 329 594 331 329 134 133 131
333 334 671 335 334 671 335 136 280 135
334 938 326 333 938 326 333 327 280 136
335 693 333 672 693 333 672 280 137 135
336 692 693 694 692 693 694 281 55 137
337 339 910 338 339 910 338 322 284 138
338 947 337 706 947 337 706 284 288 138
339 206 337 340 206 337 340 322 323 284
340 889 339 943 889 339 943 323 285 284
341 310 983 932 310 983 932 447 449 402
342 862 601 396 862 601 396 449 451 404
343 931 487 263 931 487 263 294 295 206
344 228 345 528 228 345 528 418 353 139
345 754 526 344 754 526 344 140 418 139
346 871 860 2 871 860 2 478 403 401
347 147 278 601 147 278 601 477 478 404
348 204 349 368 204 349 368 422 430 379
349 264 803 348 264 803 348 426 422 379
350 642 256 351 642 256 351 423 424 374
351 350 352 161 350 352 161 374 424 369
352 356 783 351 356 783 351 371 374 369
353 784 356 354 784 356 354 371 372 370
354 432 353 252 432 353 252 372 387 370
355 361 357 356 361 357 356 373 374 370
356 352 355 353 352 355 353 374 371 370
357 641 252 355 641 252 355 388 373 370
358 359 360 185 359 360 185 442 453 141
359 358 975 972 358 975 972 453 442 290
360 855 711 358 855 711 358 443 442 141
361 256 253 355 256 253 355 432 374 373
362 976 598 825 976 598 825 400 290 87
363 364 811 809 364 811 809 375 431 428
364 265 779 363 265 779 363 376 431 375
365 162 453 84 162 453 84 444 245 102
366 271 795 367 271 795 367 380 381 378
367 366 798 267 366 798 267 378 381 377
368 808 348 369 808 348 369 430 429 379
369 271 368 802 271 368 802 429 380 379
370 62 66 893 62 66 893 94 151 89
371 809 372 265 809 372 265 429 431 382
372 371 271 267 371 271 267 429 382 381
373 52 708 401 52 708 401 470 468 183
374 397 531 518 397 531 518 253 238 110
375 376 848 387 376 848 387 148 66 18
376 489 375 882 489 375 882 148 146 66
377 885 845 378 885 845 378 287 68 17
378 892 377 851 892 377 851 68 208 17
379 982 394 380 982 394 380 303 304 21
380 382 379 852 382 379 852 304 367 21
381 895 987 382 895 987 382 307 368 304
382 237 381 380 237 381 380 368 367 304
383 385 283 384 385 283 384 345 145 19
384 392 383 391 392 383 391 145 20 19
385 951 383 482 951 383 482 345 186 145
386 887 884 387 887 884 387 164 67 66
387 386 375 388 386 375 388 66 67 18
388 389 387 850 389 387 850 67 190 18
389 748 888 388 748 888 388 187 190 67
390 664 854 391 664 854 391 203 347 20
391 390 384 285 390 384 285 20 347 19
392 483 384 393 483 384 393 145 167 20
393 394 392 854 394 392 854 167 21 20
394 916 393 379 916 393 379 167 303 21
395 984 312 924 984 312 924 391 292 171
396 986 342 277 986 342 277 451 437 404
397 792 374 772 792 374 772 253 249 238
398 858 163 783 858 163 783 444 445 369
399 575 123 268 575 123 268 485 488 479
400 734 443 276 734 443 276 230 223 213
401 373 402 54 373 402 54 183 468 142
402 806 844 401 806 844 401 143 183 142
403 726 430 404 726 430 404 215 364 98
404 715 403 428 715 403 428 364 210 98
405 439 406 640 439 406 640 383 399 296
406 291 933 405 291 933 405 297 383 296
407 867 88 195 867 88 195 417 416 313
408 413 142 143 413 142 143 239 248 232
409 411 921 192 411 921 192 339 316 315
410 195 431 920 195 431 920 314 416 173
411 226 409 41 226 409 41 339 342 316
412 189 194 88 189 194 88 317 318 313
413 789 438 408 789 438 408 250 248 239
414 656 965 427 656 965 427 198 196 83
415 424 580 262 424 580 262 184 343 181
416 663 29 417 663 29 417 86 202 78
417 418 416 421 418 416 421 202 81 78
418 417 429 419 417 429 419 81 202 77
419 662 418 966 662 418 966 202 201 77
420 584 423 583 584 423 583 184 189 78
421 30 417 423 30 417 423 81 80 78
422 658 33 424 658 33 424 199 343 80
423 424 421 420 424 421 420 80 184 78
424 415 422 423 415 422 423 343 184 80
425 661 966 426 661 966 426 201 200 76
426 427 425 25 427 425 25 200 196 76
427 426 414 36 426 414 36 196 200 83
428 404 429 31 404 429 31 98 210 81
429 428 430 418 428 430 418 98 81 77
430 403 26 429 403 26 429 215 98 77
431 410 490 525 410 490 525 314 173 157
432 354 707 290 354 707 290 387 372 393
433 756 152 436 756 152 436 473 472 13
434 302 35 48 302 35 48 358 355 85
435 838 954 878 838 954 878 438 437 398
436 437 433 291 437 433 291 472 383 13
437 834 436 440 834 436 440 472 439 383
438 791 773 413 791 773 413 249 250 239
439 954 440 405 954 440 405 438 399 383
440 840 437 439 840 437 439 439 438 383
441 96 444 221 96 444 221 474 475 340
442 474 201 8 474 201 8 258 485 257
443 400 714 723 400 714 723 230 213 212
444 871 294 441 871 294 441 403 474 340
445 753 826 474 753 826 474 486 484 258
446 67 447 177 67 447 177 91 92 22
447 60 851 446 60 851 446 208 91 22
448 450 449 169 450 449 169 93 220 45
449 68 981 448 68 981 448 92 93 45
450 455 71 448 455 71 448 96 220 93
451 95 612 898 95 612 898 319 320 302
452 832 50 982 832 50 982 458 308 303
453 365 856 465 365 856 465 444 102 97
454 82 458 456 82 458 456 227 101 23
455 83 456 450 83 456 450 101 220 96
456 455 454 462 455 454 462 101 96 23
457 84 465 458 84 465 458 102 226 23
458 738 457 454 738 457 454 226 227 23
459 93 908 612 93 908 612 410 319 301
460 468 665 318 468 665 318 388 389 278
461 51 660 283 51 660 283 346 345 344
462 64 456 261 64 456 261 96 88 23
463 464 825 63 464 825 63 441 88 87
464 298 463 261 298 463 261 441 97 88
465 453 261 457 453 261 457 97 102 23
466 252 468 874 252 468 874 388 387 384
467 311 827 667 311 827 667 270 272 269
468 460 638 466 460 638 466 389 388 384
469 985 473 470 985 473 470 448 391 390
470 596 469 471 596 469 471 391 392 390
471 707 470 472 707 470 472 392 393 390
472 6 471 473 6 471 473 393 394 390
473 963 472 469 963 472 469 394 448 390
474 575 445 442 575 445 442 484 485 258
475 957 832 647 957 832 647 458 457 406
476 974 477 479 974 477 479 398 397 396
477 954 639 476 954 639 476 399 398 396
478 479 639 146 479 639 146 396 400 150
479 976 476 478 976 476 478 397 400 396
480 743 481 888 743 481 888 186 187 163
481 485 480 482 485 480 482 163 144 186
482 385 483 481 385 483 481 145 186 144
483 392 484 482 392 484 482 167 145 144
484 545 486 483 545 486 483 168 167 144
485 540 481 486 540 481 486 163 161 144
486 901 485 484 901 485 484 161 168 144
487 489 488 343 489 488 343 146 294 206
488 891 487 879 891 487 879 206 147 146
489 491 376 487 491 376 487 148 294 146
490 192 522 431 192 522 431 315 314 157
491 492 848 489 492 848 489 149 294 148
492 902 600 491 902 600 491 298 294 149
493 757 494 640 757 494 640 299 296 150
494 496 893 493 496 893 493 151 299 150
495 936 266 496 936 266 496 295 299 207
496 495 62 494 495 62 494 207 299 151
497 250 897 504 250 897 504 435 156 155
498 223 499 898 223 499 898 300 302 152
499 500 896 498 500 896 498 154 300 152
500 952 907 499 952 907 499 310 300 154
501 7 895 505 7 895 505 307 305 153
502 504 896 503 504 896 503 155 305 154
503 3 502 907 3 502 907 305 306 154
504 505 497 502 505 497 502 156 305 155
505 504 501 248 504 501 248 305 156 153
506 507 4 906 507 4 906 407 311 306
507 10 506 189 10 506 189 407 318 311
508 134 509 592 134 509 592 112 24 25
509 511 508 231 511 508 231 25 123 112
510 246 129 511 246 129 511 122 123 26
511 510 127 509 510 127 509 26 123 25
512 775 513 627 775 513 627 242 243 114
513 512 154 56 512 154 56 242 114 103
514 94 528 515 94 528 515 353 289 28
515 164 514 516 164 514 516 289 256 28
516 794 515 530 794 515 530 256 251 28
517 149 518 519 149 518 519 238 464 27
518 374 520 517 374 520 517 110 238 27
519 904 517 521 904 517 521 464 486 27
520 198 521 518 198 521 518 109 110 27
521 826 519 520 826 519 520 486 109 27
522 921 524 490 921 524 490 179 315 157
523 919 525 524 919 525 524 174 158 157
524 922 523 522 922 523 522 158 179 157
525 53 431 523 53 431 523 173 174 157
526 345 59 527 345 59 527 140 139 108
527 526 197 529 526 197 529 108 139 107
528 344 530 514 344 530 514 139 353 28
529 530 527 532 530 527 532 139 251 107
530 529 516 528 529 516 528 251 139 28
531 797 199 374 797 199 374 252 253 110
532 796 529 196 796 529 196 251 252 107
533 16 280 76 16 280 76 74 73 8
534 631 5 837 631 5 837 276 275 269
535 93 89 203 93 89 203 319 409 233
536 537 207 210 537 207 210 159 460 321
537 959 909 536 959 909 536 456 460 159
538 914 539 540 914 539 540 324 161 160
539 915 543 538 915 543 538 162 324 160
540 485 538 541 485 538 541 161 163 160
541 887 540 542 887 540 542 163 164 160
542 883 541 543 883 541 543 164 165 160
543 890 542 539 890 542 539 165 162 160
544 916 548 545 916 548 545 459 167 166
545 484 544 546 484 544 546 167 168 166
546 901 545 547 901 545 547 168 325 166
547 210 546 548 210 546 548 325 460 166
548 960 547 544 960 547 544 460 459 166
549 90 919 553 90 919 553 174 175 169
550 582 567 551 582 567 551 176 177 175
551 550 553 918 550 553 918 175 177 170
552 313 553 929 313 553 929 170 171 169
553 549 552 551 549 552 551 169 175 170
554 215 14 555 215 14 555 334 331 172
555 577 554 567 577 554 567 331 176 172
556 76 558 557 76 558 557 30 73 29
557 15 556 560 15 556 560 73 119 29
558 128 129 556 128 129 556 26 30 29
559 244 561 129 244 561 129 121 122 29
560 242 557 561 242 557 561 119 120 29
561 565 560 559 565 560 559 120 121 29
562 233 243 821 233 243 821 113 268 266
563 566 564 242 566 564 242 124 120 117
564 568 238 563 568 238 563 368 124 117
565 245 566 561 245 566 561 265 121 120
566 249 563 565 249 563 565 124 265 120
567 550 555 90 550 555 90 176 175 172
568 895 564 248 895 564 248 368 153 124
569 852 39 239 852 39 239 203 367 118
570 218 597 939 218 597 939 413 335 326
571 220 572 921 220 572 921 338 339 179
572 574 922 571 574 922 571 180 338 179
573 12 827 576 12 827 576 271 332 270
574 294 923 572 294 923 572 403 338 180
575 399 745 474 399 745 474 488 485 484
576 124 573 330 124 573 330 332 328 270
577 125 555 582 125 555 582 331 330 176
578 866 314 596 866 314 596 385 392 277
579 585 582 917 585 582 917 330 178 177
580 948 581 415 948 581 415 182 184 181
581 258 708 580 258 708 580 183 182 181
582 579 577 550 579 577 550 330 177 176
583 746 420 29 746 420 29 189 188 78
584 750 949 420 750 949 420 190 189 184
585 12 579 133 12 579 133 330 271 178
586 951 743 746 951 743 746 186 188 185
587 588 97 589 588 97 589 9 12 3
588 132 279 587 132 279 587 11 12 9
589 590 587 13 590 587 13 12 4 3
590 131 589 115 131 589 115 12 35 4
591 130 127 279 130 127 279 25 11 10
592 593 135 508 593 135 508 33 25 24
593 592 130 616 592 130 616 25 33 34
594 332 619 115 332 619 115 133 134 35
595 140 14 597 140 14 597 414 413 334
596 470 578 312 470 578 312 392 391 277
597 595 211 570 595 211 570 334 413 326
598 146 65 362 146 65 362 89 400 87
599 935 291 150 935 291 150 297 298 13
600 492 151 847 492 151 847 298 149 15
601 932 347 342 932 347 342 478 449 404
602 695 672 100 695 672 100 137 56 40
603 80 166 604 80 166 604 100 99 51
604 109 603 687 109 603 687 99 52 51
605 168 679 606 168 679 606 218 49 43
606 684 605 610 684 605 610 49 48 43
607 700 609 608 700 609 608 59 60 44
608 607 175 845 607 175 845 44 60 17
609 680 607 610 680 607 610 44 43 59
610 611 606 609 611 606 609 48 59 43
611 182 172 610 182 172 610 58 59 48
612 451 459 165 451 459 165 319 302 301
613 289 229 275 289 229 275 490 491 480
614 667 136 618 667 136 618 273 272 32
615 137 616 618 137 616 618 33 32 31
616 593 617 615 593 617 615 34 33 31
617 131 619 616 131 619 616 35 34 31
618 614 615 620 614 615 620 32 272 31
619 594 620 617 594 620 617 133 35 31
620 311 618 619 311 618 619 272 133 31
621 183 622 629 183 622 629 69 38 37
622 918 623 621 918 623 621 170 69 37
623 314 624 622 314 624 622 385 170 37
624 842 630 623 842 630 623 386 385 37
625 160 626 139 160 626 139 115 105 36
626 235 134 625 235 134 625 112 115 36
627 159 512 236 159 512 236 243 115 114
628 317 157 633 317 157 633 127 126 104
629 632 621 630 632 621 630 38 126 37
630 316 629 624 316 629 624 126 386 37
631 534 183 632 534 183 632 275 276 38
632 633 631 629 633 631 629 276 126 38
633 632 628 637 632 628 637 126 276 104
634 636 637 156 636 637 156 274 105 104
635 894 636 136 894 636 136 274 273 39
636 634 139 635 634 139 635 105 274 39
637 5 633 634 5 633 634 276 274 104
638 315 842 468 315 842 468 386 389 384
639 477 640 478 477 640 478 399 396 150
640 493 639 405 493 639 405 150 296 399
641 665 357 253 665 357 253 388 434 373
642 350 668 804 350 668 804 424 423 421
643 645 91 9 645 91 9 455 417 408
644 955 646 912 955 646 912 455 456 405
645 643 875 646 643 875 646 417 455 415
646 645 219 644 645 219 644 415 455 405
647 648 475 4 648 475 4 457 407 406
648 91 647 10 91 647 10 457 408 407
649 655 23 650 655 23 650 194 197 191
650 651 649 98 651 649 98 197 192 191
651 657 650 964 657 650 964 197 198 192
652 22 655 653 22 655 653 194 214 193
653 24 652 654 24 652 654 214 195 193
654 25 653 656 25 653 656 195 196 193
655 649 657 652 649 657 652 197 194 193
656 414 654 657 414 654 657 196 198 193
657 651 656 655 651 656 655 198 197 193
658 282 659 422 282 659 422 419 343 199
659 759 28 658 759 28 658 420 419 199
660 662 661 461 662 661 461 201 346 344
661 286 660 425 286 660 425 344 200 201
662 663 419 660 663 419 660 202 346 201
663 662 51 416 662 51 416 346 202 86
664 287 39 390 287 39 390 348 347 203
665 641 786 460 641 786 460 434 388 278
666 292 841 904 292 841 904 493 492 464
667 614 467 894 614 467 894 272 273 269
668 800 744 642 800 744 642 425 424 421
669 293 43 961 293 43 961 350 395 289
670 671 111 672 671 111 672 132 135 40
671 333 328 670 333 328 670 136 135 132
672 335 670 602 335 670 602 135 137 40
673 728 168 674 728 168 674 218 219 41
674 675 673 166 675 673 166 219 100 41
675 676 674 79 676 674 79 219 211 100
676 675 712 677 675 712 677 211 219 209
677 731 676 73 731 676 73 219 222 209
678 727 681 679 727 681 679 217 218 42
679 605 678 680 605 678 680 218 43 42
680 609 679 683 609 679 683 43 44 42
681 169 682 678 169 682 678 45 217 42
682 981 683 681 981 683 681 46 45 42
683 175 680 682 175 680 682 44 46 42
684 606 685 686 606 685 686 48 49 47
685 172 174 684 172 174 684 57 48 47
686 167 684 687 167 684 687 49 51 47
687 604 686 689 604 686 689 51 52 47
688 103 689 171 103 689 171 52 53 50
689 174 688 687 174 688 687 50 47 52
690 691 178 706 691 178 706 130 138 61
691 690 911 325 690 911 325 138 130 128
692 323 336 179 323 336 179 281 129 55
693 335 336 940 335 336 940 137 280 281
694 336 695 699 336 695 699 137 55 54
695 602 696 694 602 696 694 56 137 54
696 173 697 695 173 697 695 57 56 54
697 172 698 696 172 698 696 58 57 54
698 181 699 697 181 699 697 62 58 54
699 180 694 698 180 694 698 55 62 54
700 607 701 182 607 701 182 60 59 63
701 705 700 702 705 700 702 63 286 60
702 944 701 845 944 701 845 286 287 60
703 704 706 180 704 706 180 288 62 61
704 705 703 181 705 703 181 288 63 62
705 946 704 701 946 704 701 288 286 63
706 338 690 703 338 690 703 138 288 61
707 471 432 874 471 432 874 393 392 387
708 373 262 581 373 262 581 470 183 181
709 710 735 276 710 735 276 351 357 223
710 301 251 709 301 251 709 356 357 351
711 284 977 360 284 977 360 246 443 141
712 721 713 676 721 713 676 212 211 209
713 714 73 712 714 73 712 228 212 209
714 741 713 443 741 713 443 228 230 212
715 716 404 717 716 404 717 364 359 210
716 307 715 718 307 715 718 364 362 359
717 303 715 32 303 715 32 359 358 210
718 716 719 722 716 719 722 359 362 213
719 304 276 718 304 276 718 357 359 213
720 306 721 79 306 721 79 361 363 211
721 723 712 720 723 712 720 212 361 211
722 305 718 723 305 718 723 362 361 213
723 722 443 721 722 443 721 213 361 212
724 309 22 725 309 22 725 366 365 214
725 726 724 24 726 724 24 365 215 214
726 308 725 403 308 725 403 365 364 215
727 678 728 729 678 728 729 218 217 216
728 673 731 727 673 731 727 219 218 216
729 169 727 730 169 727 730 217 220 216
730 83 729 732 83 729 732 220 221 216
731 677 732 728 677 732 728 222 219 216
732 81 730 731 81 730 731 221 222 216
733 736 87 740 736 87 740 352 229 225
734 742 400 735 742 400 735 230 229 223
735 736 734 709 736 734 709 229 351 223
736 755 733 735 755 733 735 352 351 229
737 86 738 740 86 738 740 226 225 224
738 458 739 737 458 739 737 227 226 224
739 74 741 738 74 741 738 228 227 224
740 733 737 742 733 737 742 225 229 224
741 714 742 739 714 742 739 230 228 224
742 734 740 741 734 740 741 229 230 224
743 480 748 586 480 748 586 187 186 185
744 799 807 668 799 807 668 427 425 421
745 749 753 575 749 753 575 492 488 484
746 583 586 750 583 586 750 188 189 185
747 835 289 288 835 289 288 490 489 487
748 389 750 743 389 750 743 190 187 185
749 745 288 292 745 288 292 488 492 487
750 584 746 748 584 746 748 189 190 185
751 762 119 117 762 119 117 465 462 410
752 205 292 289 205 292 289 493 491 487
753 904 445 745 904 445 745 486 492 484
754 758 59 345 758 59 345 471 418 140
755 736 295 296 736 295 296 351 352 349
756 123 433 122 123 433 122 473 479 472
757 493 933 936 493 933 936 296 299 293
758 761 754 45 761 754 45 471 420 418
759 761 659 760 761 659 760 420 469 419
760 52 759 282 52 759 282 469 470 419
761 55 758 759 55 758 759 471 469 420
762 978 751 869 978 751 869 465 483 462
763 142 764 145 142 764 145 237 232 261
764 767 763 769 767 763 769 261 231 237
765 148 769 770 148 769 770 231 236 235
766 768 148 203 768 148 203 231 233 463
767 212 764 768 212 764 768 261 234 231
768 89 767 766 89 767 766 234 233 231
769 771 765 764 771 765 764 235 237 231
770 149 765 772 149 765 772 236 238 235
771 142 773 769 142 773 769 239 237 235
772 397 770 773 397 770 773 238 249 235
773 438 772 771 438 772 771 249 239 235
774 154 775 776 154 775 776 242 241 240
775 512 777 774 512 777 774 243 242 240
776 153 774 779 153 774 779 241 376 240
777 159 778 775 159 778 775 244 243 240
778 158 780 777 158 780 777 247 244 240
779 364 776 780 364 776 780 376 375 240
780 788 779 778 788 779 778 375 247 240
781 799 87 296 799 87 296 254 427 352
782 801 162 85 801 162 85 255 254 245
783 785 398 352 785 398 352 445 371 369
784 353 290 785 353 290 785 372 371 246
785 783 784 284 783 784 284 371 445 246
786 813 787 665 813 787 665 433 434 278
787 786 788 320 786 788 320 433 278 247
788 811 780 787 811 780 787 375 433 247
789 793 413 790 793 413 790 250 382 248
790 265 789 153 265 789 153 382 376 248
791 793 792 438 793 792 438 377 250 249
792 798 397 791 798 397 791 253 377 249
793 267 791 789 267 791 789 377 382 250
794 795 516 796 795 516 796 256 378 251
795 366 802 794 366 802 794 380 378 256
796 797 794 532 797 794 532 378 252 251
797 798 796 531 798 796 531 378 253 252
798 367 797 792 367 797 792 378 377 253
799 744 801 781 744 801 781 425 427 254
800 668 161 801 668 161 801 424 425 255
801 800 782 799 800 782 799 255 425 254
802 369 803 795 369 803 795 379 380 256
803 349 164 802 349 164 802 426 379 256
804 204 642 264 204 642 264 423 422 421
805 299 806 260 299 806 260 143 473 64
806 402 258 805 402 258 805 183 143 64
807 962 264 744 962 264 744 426 427 421
808 368 809 810 368 809 810 429 430 428
809 371 363 808 371 363 808 431 429 428
810 255 808 812 255 808 812 430 432 428
811 813 363 788 813 363 788 428 433 375
812 810 813 253 810 813 253 428 432 434
813 786 812 811 786 812 811 434 433 428
814 212 817 815 212 817 815 260 261 259
815 145 814 816 145 814 816 261 262 259
816 243 815 818 243 815 818 262 266 259
817 213 818 814 213 818 814 267 260 259
818 820 816 817 820 816 817 266 267 259
819 245 822 824 245 822 824 264 265 263
820 818 823 821 818 823 821 267 266 263
821 562 820 822 562 820 822 266 268 263
822 247 821 819 247 821 819 268 264 263
823 900 824 820 900 824 820 435 267 263
824 250 819 823 250 819 823 265 435 263
825 972 362 463 972 362 463 290 441 87
826 200 445 521 200 445 521 258 109 486
827 573 837 467 573 837 467 271 270 269
828 254 221 224 254 221 224 475 411 337
829 230 147 96 230 147 96 477 481 474
830 865 974 975 865 974 975 452 453 397
831 117 118 869 117 118 869 409 462 461
832 475 452 870 475 452 870 458 406 308
833 835 834 839 835 834 839 489 466 439
834 122 437 833 122 437 833 472 489 439
835 747 833 980 747 833 980 489 490 466
836 979 839 876 979 839 876 466 467 436
837 133 534 827 133 534 827 275 271 269
838 435 876 840 435 876 840 437 438 436
839 833 840 836 833 840 836 439 466 436
840 440 838 839 440 838 839 438 439 436
841 666 873 903 666 873 903 493 464 461
842 624 866 638 624 866 638 385 386 384
843 920 140 867 920 140 867 414 416 412
844 299 8 402 299 8 402 485 143 142
845 702 608 377 702 608 377 60 287 17
846 948 847 257 948 847 257 71 182 15
847 849 600 846 849 600 846 149 71 15
848 491 849 375 491 849 375 149 148 18
849 847 850 848 847 850 848 71 149 18
850 949 388 849 949 388 849 190 71 18
851 447 378 176 447 378 176 208 22 17
852 569 380 854 569 380 854 367 203 21
853 972 298 855 972 298 855 441 442 440
854 852 393 390 852 393 390 21 203 20
855 360 853 857 360 853 857 442 443 440
856 858 298 453 858 298 453 440 444 97
857 284 855 858 284 855 858 443 445 440
858 398 857 856 398 857 856 445 444 440
859 985 310 861 985 310 861 447 448 446
860 932 1 346 932 1 346 402 478 401
861 963 859 864 963 859 864 448 450 446
862 342 863 310 342 863 310 451 449 446
863 986 865 862 986 865 862 452 451 446
864 185 861 865 185 861 865 450 453 446
865 830 864 863 830 864 863 453 452 446
866 578 874 842 578 874 842 392 385 384
867 407 843 875 407 843 875 416 417 412
868 50 957 960 50 957 960 458 459 454
869 762 831 873 762 831 873 462 483 461
870 832 987 7 832 987 7 308 406 307
871 147 346 444 147 346 444 478 474 403
872 78 309 306 78 309 306 366 363 360
873 205 869 841 205 869 841 483 493 461
874 707 466 866 707 466 866 387 392 384
875 645 867 141 645 867 141 417 415 412
876 277 836 838 277 836 838 467 437 436
877 230 979 278 230 979 278 476 477 467
878 986 435 974 986 435 974 437 452 398
879 488 882 880 488 882 880 146 147 65
880 892 879 881 892 879 881 147 68 65
881 886 880 883 886 880 883 68 165 65
882 376 884 879 376 884 879 66 146 65
883 542 881 884 542 881 884 165 164 65
884 386 883 882 386 883 882 164 66 65
885 945 377 886 945 377 886 287 285 68
886 890 885 881 890 885 881 285 165 68
887 541 386 888 541 386 888 164 163 67
888 480 887 389 480 887 389 163 187 67
889 340 890 915 340 890 915 285 323 162
890 886 543 889 886 543 889 165 285 162
891 488 892 269 488 892 269 147 206 208
892 378 891 880 378 891 880 208 68 147
893 494 370 146 494 370 146 151 150 89
894 635 667 5 635 667 5 273 274 269
895 381 568 501 381 568 501 368 307 153
896 502 897 499 502 897 499 155 154 152
897 497 900 896 497 900 896 435 155 152
898 451 498 899 451 498 899 302 320 152
899 213 898 900 213 898 900 320 267 152
900 823 899 897 823 899 897 267 435 152
901 546 914 486 546 914 486 325 168 161
902 492 931 935 492 931 935 294 298 293
903 841 930 149 841 930 149 461 464 236
904 753 666 519 753 666 519 492 486 464
905 224 958 908 224 958 908 341 411 301
906 188 506 907 188 506 907 311 310 306
907 906 503 500 906 503 500 306 310 154
908 119 905 459 119 905 459 411 410 301
909 537 912 911 537 912 911 456 159 128
910 207 911 337 207 911 337 159 322 138
911 910 909 691 910 909 691 159 138 128
912 644 913 909 644 913 909 405 456 128
913 219 322 912 219 322 912 336 405 128
914 209 538 901 209 538 901 324 325 161
915 208 889 539 208 889 539 323 324 162
916 50 544 394 50 544 394 459 303 167
917 579 918 184 579 918 184 177 178 69
918 551 622 917 551 622 917 170 177 69
919 549 523 928 549 523 928 174 169 158
920 843 410 40 843 410 40 416 414 173
921 409 571 522 409 571 522 339 315 179
922 572 927 524 572 927 524 180 179 158
923 2 926 574 2 926 574 291 403 180
924 395 929 925 395 929 925 171 292 70
925 0 924 926 0 924 926 292 291 70
926 923 925 927 923 925 927 291 180 70
927 922 926 928 922 926 928 180 158 70
928 919 927 929 919 927 929 158 169 70
929 552 928 924 552 928 924 169 171 70
930 118 148 903 118 148 903 463 461 236
931 343 936 902 343 936 902 295 294 293
932 601 341 860 601 341 860 449 478 402
933 406 935 757 406 935 757 297 296 293
934 227 254 978 227 254 978 475 482 465
935 599 902 933 599 902 933 298 297 293
936 495 757 931 495 757 931 299 295 293
937 120 938 939 120 938 939 327 326 279
938 334 940 937 334 940 937 280 327 279
939 570 937 941 570 937 941 326 335 279
940 693 942 938 693 942 938 281 280 279
941 321 939 942 321 939 942 335 282 279
942 323 941 940 323 941 940 282 281 279
943 340 947 945 340 947 945 284 285 283
944 702 945 946 702 945 946 287 286 283
945 885 943 944 885 943 944 285 287 283
946 705 944 947 705 944 947 286 288 283
947 338 946 943 338 946 943 288 284 283
948 580 949 846 580 949 846 184 182 71
949 584 850 948 584 850 948 190 184 71
950 951 29 51 951 29 51 188 345 86
951 950 385 586 950 385 586 345 188 186
952 187 500 223 187 500 223 310 309 300
953 225 186 958 225 186 958 342 341 309
954 439 477 435 439 477 435 399 438 398
955 644 959 956 644 959 956 456 455 454
956 91 955 957 91 955 957 455 457 454
957 475 956 868 475 956 868 457 458 454
958 953 165 905 953 165 905 309 341 301
959 537 960 955 537 960 955 460 456 454
960 548 868 959 548 868 959 459 460 454
961 962 669 164 962 669 164 395 426 289
962 807 297 961 807 297 961 427 426 395
963 861 973 473 861 973 473 450 448 394
964 651 280 965 651 280 965 192 198 74
965 414 964 19 414 964 19 198 83 74
966 419 27 425 419 27 425 77 201 76
967 968 109 969 968 109 969 99 75 5
968 78 967 21 78 967 21 99 366 75
969 970 967 102 970 967 102 75 6 5
970 971 969 104 971 969 104 75 7 6
971 970 23 21 970 23 21 7 75 194
972 853 359 825 853 359 825 442 441 290
973 963 185 977 963 185 977 450 394 141
974 878 476 830 878 476 830 398 452 397
975 830 976 359 830 976 359 397 453 290
976 479 362 975 479 362 975 400 397 290
977 6 973 711 6 973 711 394 246 141
978 274 934 762 274 934 762 482 483 465
979 877 980 836 877 980 836 476 467 466
980 229 835 979 229 835 979 490 476 466
981 449 177 682 449 177 682 92 45 46
982 987 452 379 987 452 379 308 304 303
983 341 984 1 341 984 1 447 402 292
984 985 395 983 985 395 983 391 447 292
985 859 469 984 859 469 984 448 447 391
986 863 396 878 863 396 878 451 452 437
987 870 982 381 870 982 381 308 307 304
