7.1546278458 5.8928521492
7.2721601620 5.4470510922
6.2205424355 6.0864478362
1.7307712983 11.5459130555
2.3362512880 11.5995561845
12.2249298112 9.3358863169
10.0597091983 3.6570247340
1.6105567478 11.7152401984
0.3246449034 0.6806001036
4.6274157834 11.5590726018
3.7209008470 11.5157835109
19.8858261997 0.1454725265
10.1545851999 10.2926807081
13.9659371199 14.1166534033
7.6578544959 10.6029700596
18.0235594603 13.6730656102
17.4894211233 14.1909820934
18.7578792422 14.0701950046
18.7493699577 14.5314774727
17.5971117714 14.7118281627
18.1081055236 14.9139776767
14.7015483658 17.3437203340
15.1813687992 17.5580703195
14.9503562910 16.0798328998
16.5877735136 17.8413446310
17.4483579960 16.9306681619
17.3007323679 18.0364449634
17.5957816902 17.7625826193
18.2476114475 21.9245048398
20.0952348183 19.3155365687
18.5210893892 20.0465467495
17.6867886540 19.8173402769
17.3850705999 20.3575016887
18.5792800424 20.5591666221
18.0864311658 20.9525207107
17.5889272011 20.8321054161
18.2117466195 15.8718862669
18.8412495112 15.9109697101
19.2126596069 15.0190582072
19.6331114184 14.9525036309
7.1606018406 9.9728746783
3.6301170069 9.2885384959
15.9187476386 23.2093544890
16.0487000233 23.9418522662
17.1989837105 23.2218175971
17.9228908857 22.9264438305
16.5920752261 22.4830693584
16.5596215137 22.7483865377
17.4630850551 21.9639307688
17.9212154506 22.2085585522
2.5219666914 13.8211680446
20.1677657787 18.1096501808
20.0542714773 22.8191342852
7.2768776743 9.4965310485
19.9214652863 24.0362158537
19.4979743931 23.4293431925
16.7393597081 8.0568963698
17.1375109126 7.8945269380
19.5440482868 0.3445369197
19.0361959662 0.0682970211
6.6597673604 20.7394766812
7.1286351051 21.8388390582
7.0077655903 22.3473886196
8.9308304809 23.4636546770
9.3573450655 22.8252070649
8.2097475198 23.4343985644
7.8906309839 22.8644343078
7.9975905117 21.4427674959
8.3902183875 21.3677136142
7.8472044190 21.7307861488
8.1680815922 22.3966879265
9.1946931230 21.9551157792
9.0530664004 22.3580017097
12.3980180488 20.7751967327
11.8356949236 21.4872548389
15.9458754681 13.4350523904
16.7788509838 13.5000924924
15.7674387902 13.0461306153
13.9616905476 17.9645126381
13.3151476878 18.6908967654
13.3120321637 18.2088348505
11.6401036060 21.4604674468
11.2040463324 21.9184906766
10.3587678535 21.4951437853
11.8724428110 23.7425323662
12.2548817921 23.8900732975
12.4505487338 23.7219982904
13.1610806059 23.7476094714
4.8415587194 11.0596542223
0.1650518454 7.2754857200
7.9289150639 9.0552213690
4.1854773153 12.6658382351
20.0149611927 7.9613726707
1.2086359255 6.7959906941
16.1534902534 23.9945552918
0.2805472334 7.7077495974
4.1473946627 5.4196202235
15.1811201882 14.0594372697
15.1049248918 14.6131941991
14.6173958735 14.9008192418
11.1855396463 15.0672274994
12.3849147070 15.3751040024
13.1544596008 16.0938061757
12.5991354871 16.2888449887
13.9392744950 15.2890238431
13.4584530266 15.2636227957
13.2348790795 15.0294229362
14.3296767948 14.8632252311
13.3594737982 14.3330493394
12.9301035432 17.2803368693
12.9102999200 14.0152853264
11.4799132356 14.0635372475
11.6190936398 14.7294424146
12.0424515725 14.8160312784
11.8881777525 13.5729723414
13.0053414344 13.3009922970
12.7964754237 13.7026052101
1.4883659612 6.3756934399
0.7272195009 5.3817693094
2.4065730520 6.4788104224
8.8541981427 12.0800710625
9.7049389156 11.9697452469
2.6641986230 1.1777466177
1.5542390007 0.5086267483
9.8664691277 11.5489471512
9.1769656153 10.2773087172
9.6759570091 10.5695760976
15.9569010210 11.6743358749
16.4532059224 12.2981102067
16.9991138346 12.0767599939
14.8818319099 11.8579034384
13.9734487311 12.7048965573
14.3777426365 12.7079469287
10.9364999857 9.6898244734
15.2872396850 9.9130663643
14.4499173083 10.4203622613
13.4978335581 10.2641792700
13.8949041634 10.5084750239
14.2137227824 10.3148872298
14.2367071775 9.3795362910
6.9256168986 11.3171016729
6.6307504267 12.0637130742
18.1494709640 6.2749778018
17.0498474337 6.7083803238
17.3639639563 7.1985647535
18.1868613818 7.2116019763
6.9581904504 23.7030076230
5.2312944575 4.7729353484
19.8604111010 5.5612161447
19.9366501399 4.3734755872
3.2637584134 23.2142140372
2.8634599127 22.4537787536
2.6094297872 23.8069551394
16.2411403665 6.1314171551
16.4051408184 7.1316116244
16.7420532080 6.7215227199
13.8892025295 8.1694062559
13.7243502587 7.8911470582
13.8919332025 7.2713239257
14.6948378227 8.2974423353
14.6200175338 8.3531146323
12.2820449677 1.6373414749
11.6109072869 0.7935492127
11.5623231189 1.2351819347
15.8151291767 1.4425845320
1.7997154781 8.2679084665
12.1175812123 18.4543367836
11.4960384661 18.1883925610
10.9904384281 18.7126414028
9.8864866043 20.4595843851
11.2057608171 15.5829103117
12.1871748061 15.8067428834
9.8948891152 16.7440833070
10.8881139838 15.8845137563
11.0147801741 16.5584054365
7.8501060949 19.1892009524
7.5743003070 19.6771330873
7.8889937829 20.3254620041
7.3526824188 15.0257963491
7.9477817840 15.1507714622
8.0515916808 15.6478320058
8.6937991780 16.5966583862
8.9003633529 17.1994009572
10.8871660770 8.6606288356
10.7372689130 8.8875645272
8.3817999256 2.4434093189
2.9387953622 8.9676379472
2.3785979748 9.3241363285
2.5901949384 10.1250393965
3.6647335116 10.7011143841
3.3433958548 10.0026753251
3.6902809081 9.4962012052
4.9846537338 9.3358331292
4.8636828645 9.7864995152
4.5467191882 9.9021547778
5.4096441428 10.2504342981
18.6443022375 1.9226050421
18.8490639546 1.3080653290
19.1215991562 2.1554770401
18.7623264686 2.1152506224
19.7520175900 1.6851333458
19.8161163182 1.3067720693
19.4697054050 1.0231420799
0.4260395873 6.1972871815
14.0319134839 2.7636392156
1.8561526119 4.0912616817
5.0457101578 16.0481566368
5.1478589100 15.4330805901
4.6616972677 16.2796781052
4.1950273258 16.0806788534
4.0992069789 15.4033984659
8.4583933002 11.5796219615
19.4806865757 7.4085680291
19.8675789927 8.6667669171
9.5347941940 11.1512871546
8.5482698144 10.9162659212
8.6753523451 11.2337759755
6.6214398621 12.4938150485
6.7150354907 12.2419274542
5.8920892930 12.7881343310
4.4828671063 7.3764564521
3.9555577709 6.5723665579
4.5253267054 7.0198758643
1.6324389343 8.7457597337
3.4439722735 7.1988217194
3.7669224375 7.7974506516
3.8535784165 7.8199651377
3.8942061880 5.3675931791
17.0418829525 23.7317037893
3.4963212535 3.5666886433
4.3358022648 4.0376818306
16.3911273245 10.1766889253
17.0438957616 9.9401847597
17.1138640642 9.2122233106
16.6656639566 8.8824208414
15.7796615811 9.3848675734
15.8977989357 9.1356380158
20.3498118544 13.5290870558
19.9482539711 13.0523937248
19.8879973459 14.1618789969
19.0848014675 13.8799939455
19.0881107041 13.3120473181
18.6792415889 12.8094766208
17.7245106184 8.4309115752
17.6888445798 11.0666773546
18.4513667271 10.8537689815
17.3184111867 10.8401992425
17.4327229192 10.2617592275
20.2299408602 11.4525491943
19.5099627639 11.1122992009
19.4757873073 10.6568017966
15.5644102811 23.0527408174
11.7975848928 4.4458390521
13.2400866675 4.1658631927
3.1207302845 6.3162530752
13.7724764745 3.1665323611
13.0347274402 3.1347842956
1.7631762485 22.3938315188
1.1443785169 22.5251874390
2.1271733794 22.6960128208
2.0696254827 23.5286564756
10.1391010124 23.5088115244
20.1038012596 21.5414690977
5.5663753203 21.4023239913
14.4993965456 1.5479758071
15.8890098887 5.2411637937
6.0026047397 21.8348955239
16.8633319678 4.3633270399
2.2284793022 1.5520705424
6.1024012657 20.6100650960
6.6999022211 21.4383653283
15.9455148662 3.6243258032
3.8296469230 4.0011537535
3.5123472772 4.7015111401
2.7456952952 4.6763864637
2.5032091440 4.1995281935
14.8497084218 21.2724863794
5.4986632323 2.9267647697
5.0471195078 3.5456070498
15.4386404688 12.9628093313
16.3467214348 14.5206894116
15.5665049007 13.9810943579
19.7945982321 21.6296333504
20.2510274798 17.2395386037
10.3089290138 2.2587310944
20.0978250920 16.7283763070
19.1113870955 16.4149785671
19.3734676907 16.3627437931
2.3034251362 2.1598526547
2.5924544085 3.0320348082
10.2415332385 3.6493449297
3.8821202647 24.0408247515
1.6251480006 3.2949626123
15.1686320751 23.9328134893
5.2874305725 6.6045522009
15.0576692475 23.4205256014
14.1105450455 0.0668935613
14.5772942530 0.2715285539
9.9650281132 0.4369897328
1.5120668759 0.4627529824
16.2977891197 22.0295014415
15.7488448947 21.9259018299
16.7248730256 21.3181497635
16.3091205823 20.7951298659
15.6412783068 21.0096758556
14.7241874983 19.3872107578
14.3109221982 18.9312177845
15.4958358614 19.3599296684
15.6343418073 18.9357862221
15.0355274989 18.3221432822
7.4651376650 3.8180360931
11.9244520331 11.4914596252
8.8121510296 6.0614408564
9.0215011846 6.9481353265
9.8069163247 6.9230877685
11.9902018658 6.6266497198
11.9365489084 7.0754879967
12.5740790958 7.4445169015
12.6975814388 6.2719816884
13.2383275375 6.8780193036
13.2138728690 6.4644743910
7.0476439437 13.1440965457
6.6505263154 13.8254738769
8.0087920809 13.8809979743
7.1841525473 14.1717600348
6.7073826455 14.0105608399
9.8958562300 12.3642128677
10.7624618211 12.3571933746
10.9885175361 12.8801256529
11.6612368087 11.8025489356
11.0794210099 11.8004288253
11.7057605482 12.9900291399
12.0029369785 12.6551235197
10.0868811631 13.4318186351
9.6494391149 12.9056436755
9.8551695579 14.1260837748
9.1174599655 14.7963858572
6.2729515722 15.8805671008
6.7605600813 16.0839525008
5.6722868803 16.4159547912
5.7601125693 17.1736807941
7.1694126625 4.3075190554
6.3533920500 3.5079044272
4.9682583876 21.4692927513
17.4180573753 0.0478015604
17.8551532398 0.0144125032
5.8219237087 5.4328693293
5.4746601973 4.2847344072
14.6753967514 2.7614350715
15.1002878668 2.0364819556
12.8942904181 2.5695150461
12.3490888226 2.3830912670
12.0024946666 2.6379604780
11.4851757245 3.3432414071
11.2680613260 4.0804440315
12.3566051985 3.4699721384
11.9770360990 3.1367695650
12.1151777406 4.3106794215
8.5600633923 2.0724437152
8.2063197249 1.5716883854
9.2018445904 1.9695829923
12.8867886421 3.3802727037
8.0274320572 0.2239339015
14.7213907018 5.0254574394
15.0799637438 5.4591428636
11.1525791038 0.2583336887
16.7262301044 3.1664465162
17.2316924453 3.5452614688
15.0748651047 3.3928750094
15.5137683684 3.2470351638
7.4031975048 22.8704128911
15.8045516828 4.3343403095
15.9451993810 4.2072547447
0.1096305432 22.8356881877
18.8300175162 3.6236815558
3.3021696858 20.2105249160
3.9912585704 20.2138794858
6.4806400341 19.0456915329
6.3846860301 19.3670071243
1.3188610094 14.2000120773
0.7754397146 14.2084778171
0.7951470902 12.9435914195
0.3487590382 13.4805944346
0.7658087440 17.2120146655
0.8273295754 16.2963556616
0.9822277571 17.4092106122
3.2576651106 19.1552430581
2.9299142078 19.7160120942
2.2685658630 19.8701235126
2.0451368956 19.4864319935
0.1602186976 15.6558959482
0.2913496517 16.0557882138
1.4150315789 15.9316300601
1.2777830150 15.3184986711
1.6768882690 14.7194634986
8.4090521099 5.9539406393
5.7826936862 2.8995952598
18.6486786217 4.1186022918
11.1981359312 1.4522348083
1.4799566770 1.2421781858
14.1571548231 21.1783966199
0.3619117121 23.5146233259
0.6566773067 23.6598567361
16.6524467385 19.0057100626
16.7536830257 19.4403656455
4.8965571132 0.0869427084
4.4844387794 23.9643679342
5.2446652685 10.9643811955
17.3086297632 6.2396699907
4.6391239461 8.8155128183
6.1242326583 9.9957946094
4.1331356920 8.6997209011
4.3980769088 10.5717274879
17.1972270749 5.8963657773
17.2241408051 15.7720241768
20.3966669909 20.8426426046
19.1321633363 19.0929682744
18.9139681174 19.2114035910
18.4159012396 18.8943323429
18.4592010423 18.0344004799
20.2320475217 20.1771532110
18.9695146061 19.7203244362
19.1796369881 20.8331174337
19.9973856615 20.2886338184
20.0060206203 20.4369952036
18.5322714376 16.8139786897
18.0084450100 16.4781683909
18.0009515648 16.0569118308
17.6143828928 19.6607420023
17.8726130623 18.9934917358
17.4098053190 18.5882801911
6.1930341568 9.3507152424
10.8023083742 4.1823085884
2.6841701594 0.0985821622
17.2203166047 21.3730025967
5.4055817449 1.7111176747
3.6474145643 0.3451758606
3.7494927526 0.6201344571
17.8151904328 4.9979547541
4.8587151741 0.4850092437
4.3725747656 0.7866011200
4.2955537645 5.7430210184
0.2659110195 0.9955196679
13.9675638342 20.9459370707
5.1608448294 5.8739982278
0.2859405563 2.1119704369
7.6209858834 20.6967144765
6.7869853389 20.6189902133
9.5727612861 20.9083264516
8.6522879733 20.7663104442
9.6524789608 21.7047153845
0.6154924906 7.9539103658
2.2023771322 13.4938877083
10.9168106238 0.2176362954
11.0562748122 22.5690614565
9.9722591965 21.8128484030
10.1657071063 22.5905104892
11.3518471502 23.0031696103
11.3726103452 22.8862234330
1.4384242662 7.3408343201
12.5430201471 5.4108089972
20.0593595935 17.4851624850
9.9227936529 22.8654333721
9.2016430694 23.8908210052
9.7421425182 23.9689493296
10.5831161674 23.5737919050
11.5056956480 5.1459746635
11.7146573877 10.7370208151
11.7617256097 5.4367188177
8.8013619336 4.7985252906
9.4917416600 5.2826897297
9.8709714490 4.9938306289
9.7012343886 4.1018930677
9.0722097762 4.0773144048
0.5495982872 1.2931312079
2.6689276707 12.6100049811
6.6121834615 1.1284209691
6.0074732740 0.7416628321
6.7132244917 24.0839747986
7.1458147748 0.6934628942
2.0124297805 18.0398026374
2.0335859681 17.5931355050
1.5790873614 17.2961911801
1.6962260659 16.0980713053
1.9982577891 16.0058930627
2.4870915453 17.3456898160
2.5932439373 16.7382412877
4.7265459479 21.0296038577
5.0591443154 20.4259786577
4.2124633852 21.0137139721
5.8437374755 9.0466164050
3.7961514888 21.3674778454
3.8167222925 21.8703430369
5.6818128012 23.4892132851
6.2130464978 23.2370446824
5.9599586627 22.2203956230
6.2492491836 22.5266486068
20.0719608381 10.3302747392
0.9135029353 8.9733876330
0.9375956582 9.7056417638
1.5351435846 9.8467762957
0.9695390271 11.7446915274
0.8384032196 10.7273922171
1.5569742820 11.0326067676
0.4241050988 10.9936199421
0.4107099601 11.1257160614
2.7105439768 11.1097665324
3.4490435361 11.0574235928
15.7575684612 10.8435435238
16.2134036205 10.8545219996
16.7146338900 11.1433239249
16.3225819883 11.0544843163
15.7065528050 8.1314801644
16.5044841865 7.8952053885
16.3652660802 0.6704061865
16.1339622888 1.3696789190
16.6968558328 1.7053122012
19.9110886345 4.0364486617
19.1591216200 3.5597747523
0.0975615935 3.4056784365
19.4851484214 2.8865719121
20.1176546234 2.7694317579
5.9053335889 8.5909897292
6.9349211672 8.5466813125
6.4206569116 8.2798433317
6.8386723231 9.0474579268
18.2545611520 0.7479637271
18.2513995677 0.8082004613
17.1894249162 0.6004119120
17.6095962641 1.3035961876
17.3993570481 1.2493479651
18.3327932610 3.1280858155
17.8311152849 1.9154198969
16.8997383064 14.0201956785
11.8996397316 9.2984536582
0.7498092476 6.7387734646
4.5861825881 15.0357386402
4.6348305634 14.7086873904
3.7858451350 17.1496843425
4.1531862547 17.3118948658
3.1353599847 17.7297401309
3.2664746210 18.2625817344
4.0860380654 18.3720073470
4.3546148655 18.0966858604
2.3667812249 14.9280768079
2.3311929666 15.5148806920
3.2032962663 15.6806652886
3.5567906940 15.2699866203
3.3993845059 14.8586783400
7.8602947956 8.3481157234
8.9640848203 8.7538641381
9.0844207990 8.0277423701
8.7731878350 7.1890465538
8.7980608486 7.8734519635
7.9297964949 10.5380700651
8.3327943365 9.7133672770
17.1783993461 13.0783189370
17.9113086473 13.1927265174
16.8612384249 12.2872018869
17.6583444072 11.9347850500
18.2765654694 12.7565038591
18.1525878752 12.2141486314
17.5208683368 9.0634521943
19.1588672250 12.0682812698
20.0504485256 12.4286347044
18.7804539623 11.6078931375
19.0452532925 11.6585796290
8.1028769347 9.1413801610
20.3414296352 12.2465894492
20.0044010951 14.4315858793
7.6865223227 12.1263027831
5.0632558958 7.6965225938
5.6881443875 7.2625211363
10.7653069375 10.9921371597
5.5830643713 6.7370430645
1.2853960024 1.3878387763
10.6849639874 11.2494415345
9.0538795214 9.8903969092
9.9770441675 6.0941395876
9.6941243155 9.3399442727
0.9556773964 21.1407765707
0.8205114161 22.2298370918
9.5174589999 9.3347960351
20.2140318171 19.4513973579
0.9865323413 20.3519096195
10.2006035569 10.0485692322
0.9112570122 18.4091420618
14.7115694309 13.7110683558
14.8104601366 13.2452341990
14.1197666430 13.8590446147
13.7186384865 13.3101805166
15.2645516236 11.9517493616
14.8101653991 11.3103944639
14.7002587501 11.5084507730
12.7248337616 12.7461120855
7.4467114675 11.1893004036
9.4848984907 5.6956979045
7.8815596762 11.6832576353
7.8767165919 23.8804990141
3.4433327472 23.2598562884
2.9269915128 22.2150348037
6.1554775606 4.1974505784
10.3946113227 14.6950578627
12.8426808310 17.9284507092
12.7195940596 17.6064320172
10.3368873241 18.5421567423
10.3326454125 17.9892526746
8.4307302730 18.2953471163
7.6839399487 18.8396690685
9.0735331376 18.4128693899
9.4211619447 17.8231475160
9.2993049332 17.3425783258
1.3334213307 7.6512802711
2.9097342354 3.5786111139
12.7760708304 10.7709400849
13.8310071206 11.3233205593
13.9505502268 11.4803731953
13.6623233164 12.2690788198
12.9829154193 11.3111979116
13.0056479052 12.2687455471
12.6509247672 11.6634087415
10.6991422119 7.8171511667
9.9966196632 7.5930833568
9.9352905241 7.0713609165
10.9042700598 6.8049999511
14.7371751376 9.0965889254
15.4008094054 9.4730500074
15.5011600457 8.4046265013
12.6755756234 7.8992241820
11.3253903871 7.5775639172
11.4101829259 7.2592569014
11.6121721766 8.5554039381
11.7783635548 8.1891719521
12.5675997342 8.0992494443
13.5063422838 8.8086217136
13.2746954951 9.6978834683
13.6367145580 9.1628318537
12.7163053087 8.5464378849
11.5325176754 6.2076590394
6.1151482687 0.0592991426
5.6046215684 23.8808916229
12.8034506431 4.5830143701
13.2430016981 2.1400452507
4.8245005182 12.1600816821
4.8571540518 13.5199658286
5.2028728087 12.2223304355
5.3709497954 12.5963863924
2.7638751298 12.3120629515
3.4639054870 12.1468072203
15.2932781649 16.0627666496
15.6906177107 15.1351597583
16.1620743905 15.1215221150
15.7688657325 16.9947108269
16.4244025603 17.2271011811
16.9181397272 16.6768598598
15.6830427453 16.4636310018
16.8258582544 16.1418540231
16.5253441628 16.0123712514
19.2367800856 21.2446379919
18.4254935371 21.9723718707
19.2529520245 17.4791795025
18.9609375075 16.6964492320
19.0025144006 17.8997425785
19.2716628368 18.3646497066
20.0032035294 15.5376288786
12.8516829120 5.1559666683
0.7460325360 3.5730030123
12.1922292099 10.4361831085
13.1207335035 1.6763060433
15.6128734507 0.0411370101
10.9072029202 14.0216061945
10.6192929946 13.3749455041
10.3753608884 14.5583426642
11.2845860185 19.4564026941
12.2128682410 19.0835564341
12.5036483858 19.2570659139
12.5686735314 19.5456683579
12.0489437626 20.1448642896
9.9360004714 19.2626502658
9.8531684688 18.9036077329
9.1882949291 18.7044499529
9.5410538053 19.8678145885
8.8634590979 19.7127617081
8.6843739692 19.2830135739
10.6884200626 17.6359266695
10.5425418893 16.9521028365
11.3861130646 17.8511036070
11.8393550923 17.3549457836
12.2656488734 16.0624367224
11.5819785676 16.7563091105
6.9815929250 15.2663333000
6.2076788927 14.7911024998
8.3727419530 14.7552551602
9.3436217336 14.1846292997
9.3169600271 15.1403687738
9.9838067351 15.2278841282
10.1592109067 15.7104427790
9.7242913490 16.2467046446
9.0540645052 16.0969257613
8.9535311056 15.8230271994
8.3082078546 17.6853380771
7.9480238859 17.5647183250
7.2693060033 18.1408262724
7.6588977469 16.0098742451
7.8964929979 16.5586007813
7.6910030354 16.8833834895
7.0811034584 15.8601518375
10.4445083703 5.0067498875
0.3321124299 22.3293113878
15.0174687969 22.1864022429
15.3593100944 22.2805957314
9.7273322736 2.5284327880
13.3206343653 19.9096554904
13.0340948954 20.7492052788
13.2871529426 21.0569962141
16.3496391848 19.9255828696
15.7998040413 19.8359400874
16.5399248687 20.3029484798
15.3172167934 20.4792241125
15.4026879817 20.8950588859
13.7599333543 19.1263544473
13.5970538897 19.8153649686
14.4768375384 20.1366943962
14.1430795680 20.2668492672
15.2971488413 17.8376057947
16.1489939664 18.2227545060
16.1694895624 18.6638841483
10.6750757824 19.7703149448
11.2173424442 19.6066326205
10.2689809807 20.4827781699
10.5331526998 20.8405484741
11.5514120198 20.2034911652
11.2882467120 20.7544569494
13.5410650566 23.1543029003
13.9160305743 22.1178655725
14.3935746432 22.5060135754
14.2523996880 23.0782326476
12.3670175175 22.8135119678
11.9461462906 22.5899310446
12.0837830998 21.8670539219
13.1155846695 22.5660197655
12.9490416530 21.7227454569
13.2478233186 22.2916501145
1.4592251270 18.3980989431
13.8837506427 0.9764896866
1.2729349618 2.3374058756
0.6623940416 19.1594629131
2.7385774119 2.4363408746
1.7695489035 19.4354389433
1.6352531040 2.5678537803
1.1580274162 19.7943975918
2.0995910364 6.2154924712
1.6977764696 3.3592666296
0.7852711277 2.6056460384
18.3723275342 23.5573378656
14.3919149422 23.2447405028
2.3624716412 0.4649754903
5.2706467815 23.1008429819
18.3450472815 23.3018289186
18.7028547624 22.4640873881
19.6402454688 22.1253445419
18.6958444209 23.0581223268
2.0957633816 5.3368903277
18.3599240634 6.9092155352
19.2091486159 6.7083176777
19.6419315166 5.5042331590
20.0997959308 6.1285514816
19.5205682962 6.9861283787
19.9310080987 6.8695059841
19.1779943086 6.0231597482
19.4390387737 4.8544157359
18.5349215158 5.8501431564
19.0258367994 4.7735866685
18.5058137232 5.2844337183
15.4335492878 6.9755185127
15.2694661287 7.1397999160
15.3487474604 6.3362696629
14.6606592242 7.2602068509
14.3364242402 7.0517936878
14.9917170724 6.0499250624
14.3967100011 6.2084893425
13.6233051588 0.2997733960
12.3309085394 0.3859932974
11.2517870240 2.2586739100
10.8077632739 2.8772930973
10.7833072114 2.5983520308
13.4178979912 5.4169080359
13.6091870440 6.0867181756
14.3080120109 6.1330037008
16.7368906706 5.5446960763
16.3511483226 5.5928994310
17.6888464370 4.7515690775
17.9943973024 4.1772139379
17.1067098361 4.7132071685
16.8533672981 2.3500264964
16.6374663874 2.5297800060
17.3775412871 2.4446319374
17.7906245663 3.1640544007
17.5977161701 3.4952050933
13.5822202709 0.4361370119
12.7572780223 1.3657939559
12.7729574999 0.7684948675
15.9029087033 2.4563735343
15.5771417440 1.9628209010
13.8349176962 2.2905153058
1.7901947025 23.6812981868
1.1166536991 23.3294008518
14.4614823853 1.2209717870
14.8297824501 3.8645622812
15.0156236618 4.2762021224
14.0226736274 3.8717603399
14.3426679944 5.1118881721
13.7504350044 4.2016886287
14.0662180468 4.9620048051
18.9736946143 7.7114124477
18.3326827666 7.5591117417
17.9566406671 8.3560084482
19.2022963487 8.7142547657
18.8221181528 9.0343056395
18.5876114612 10.5429715429
18.7975731420 9.3224025594
18.1962326889 9.5612667497
18.0448321205 10.1029457626
19.1873633085 9.6492056136
19.0448362010 10.3942814994
8.7064723719 0.3984868853
20.3011826328 2.2517380050
11.4495104712 10.5869477774
3.5414655718 6.6782299199
4.6547673844 4.7320803191
7.4163359336 1.8753754406
1.1718412685 5.3776399845
2.3599384210 12.7524746711
3.3760654696 1.7647619018
3.2215497331 1.2771151828
3.1222536824 2.3084656699
4.3226988868 2.6130224603
11.2969020083 9.8742303195
5.3193578614 1.7480456432
3.9613632932 1.8455475127
4.5058381594 1.2943274575
0.6987082909 4.1728314632
10.9123324634 6.3886977490
6.4270540939 10.8584080368
0.8427676542 0.3454622246
7.3624185901 18.7281976552
1.8271169160 21.5720818544
2.4669314915 21.5198889754
3.0357459757 20.9716379539
2.6197101425 21.0736457919
2.0091024102 20.3865298791
6.8226534568 19.8006829607
0.4115128523 14.6028175853
9.4337016655 0.9837816162
0.6004211858 15.1494791468
9.5461735802 1.3608377071
10.5174377310 0.5828691534
10.3446521719 1.6818040976
10.7365305721 1.3349282336
7.8875115911 3.8019188161
6.4377086524 4.9141567608
8.0268585989 3.6077600163
7.0110526356 3.3076591315
7.0394349894 2.7653839771
7.9072299517 2.6706295189
7.5137053755 2.4467512066
10.4508242814 5.9866253366
5.5982235192 11.2672146019
3.0609977187 13.7532679387
1.5857366292 5.0192751079
1.7468791023 12.3409396142
5.5126311925 5.3870556548
14.4177155919 18.4779229485
1.4968243977 4.5565419219
10.7108269337 5.3075412077
5.6300397395 11.7840715043
5.1543137279 2.4282441435
4.6718249473 3.5377999799
6.2235463719 1.9963112415
4.8967301052 20.0048902792
5.4087758500 19.3671280904
5.1687661296 19.0001569516
4.2089359239 19.9373453065
4.3923732073 18.9631254468
4.0675739597 19.2406378710
6.0782095587 18.5577666363
5.5091509267 18.5517750707
3.0194002573 18.6112075308
2.6361570463 18.5811908648
5.4335867702 17.3549449630
5.2587887830 18.1461642004
5.9059304016 20.2750065631
5.9769134742 19.5795848611
6.8952499678 23.5273546957
12.3950121044 9.6482900878
0.5101322852 12.3867336031
0.7428821934 9.8467335068
20.2891085322 9.7635429010
0.5412784615 8.7474260451
20.2546439257 9.0859293387
20.1070466482 9.4776779582
3.2424913340 16.2778465483
4.2688555890 22.1712169765
0.1684729190 4.5745255035
0.5694337574 3.3703731412
2.5809538726 7.4338655598
2.4607821425 10.3240008316
1.8678613643 10.4054635166
2.2040828010 7.0656948844
5.4210794065 14.3426892199
5.8933314923 15.2474349138
6.0572920164 14.8239191486
5.4202751262 13.8805011878
5.8695472658 13.6311779258
3.7373368829 16.4836170099
4.7373565231 16.9502632820
2.1742706938 14.7102052290
10.0198789831 8.8314860234
9.6547992417 7.9513565779
7.5822601003 8.2146935351
6.4818786074 10.2569480236
5.1666307490 8.1750327183
6.3903726266 7.6530768457
6.1050721036 6.4789489595
7.9416411568 6.4073780149
7.5216245448 6.3333094157
6.8581174939 7.0106245098
6.9054078885 7.3567404825
7.5420669473 7.6304096278
8.1320784697 7.0865558100
0.1604047601 4.9774612580
4.6725700891 22.0134772234
6.5314023436 4.4900350011
4.6554215998 23.2614014353
3.1821405316 5.8608567022
4.1320585573 22.7199387254
5.2770137702 22.4774298936
8.6477386310 12.5713885433
9.1375143796 13.0323091335
7.9869148707 12.6508728479
8.9203561657 13.6277979625
7.7489414460 13.0856672688
8.0978978616 13.6970458430
5.9150295036 17.2389691192
6.8799673876 17.9028290446
6.3056225696 18.0258192632
7.1163013636 16.9141209538
6.8033439637 16.6393729833
1.1861939456 21.0742882816
1.2553847935 20.5621082682
20.3204045139 18.2375487191
0.7442600961 18.1868990209
2.0402151279 9.2570285692
2.8933654147 8.4089590248
5.4642090511 0.8829838833
4.4778057371 13.5686269243
4.0749739628 13.0871046903
3.2780695986 13.2657726647
2.4571236422 8.1298748083
4.1690711075 14.2373389461
3.6449280718 14.3552257183
15.3479203055 0.8788181667
14.7860093876 0.9252029964
8.7773322020 3.6100812490
16.3804517783 14.8765598421
17.1537525455 15.1980665770
18.2423975195 17.8305482281
13.6608409333 17.1637842596
14.0900460908 17.5995346286
13.7684466711 16.6380772285
14.2791871453 16.2792765039
14.6263566459 16.3909940797
8.9033339868 0.8079402468
8.9908278647 3.1299446137
6.6927526890 1.5829401132
7.8515515434 1.5192822592
7.5625815769 0.7260099281
9.6079285942 2.9148079230
2.5432566954 5.2277497500
4.1993989541 2.8711175647
3.7569905565 2.9226537707
8.4204507747 20.3755528420
1.6026020453 13.6558206717
7.7359715240 5.1544918147
8.1067712708 5.1934539140
8.3773791939 4.8233647489
6.2803714211 2.3588773611
1.0555959279 12.9644448975
